2080 2046 1893 2057 2183 1978 1839 1881 1980 1934 1880 2026 1896 2252 2125 2230 1994 2008 1771 1883 1975 1924 2048 2167 1947 1931 2060 2153 2069 1978 1707 1868 1969 2077 2146 2000 2185 1846 1986 1949 1840 1916 1691 1883 1890 1989 2132 2070 1645 1863 1996 1767 1958 1845 2217 1976 2133 1945 1927 1919 1812 2116 1877 2035 1849 2150 2109 1982 1820 2027 2144 2081 2070 1876 2122 1869 1794 1878 2036 2293 2015 1788 1945 1881 1726 2184 1684 1738 2139 1809 2083 2013 2116 2176 2194 2002 2094 1986 1862 1847
1965 1828 1759 1878 2028 2090 1941 1787 1872 1885 1687 1967 1531 2063 1930 1891 1846 1828 1631 1792 1645 1619 1865 1974 1940 1911 1953 1970 1935 2018 1653 1741 1991 1745 2014 1992 1896 1927 2028 1691 1990 1721 1437 1814 1964 1855 1951 2045 1636 1748 2024 1606 1804 1773 2221 1646 1934 1886 1709 1918 1675 1736 1491 1748 1653 1954 1941 1750 1708 1960 2061 1925 1995 1510 1965 1745 1724 1897 1711 2006 1868 1686 1678 1877 1780 1989 1648 1841 2007 1574 1943 1993 1903 1996 2025 1875 1987 1996 1806 1674
2095 2051 1910 2136 2204 2081 1849 2050 2038 2095 1943 2163 1961 2275 2223 2261 1939 2139 2045 1976 2039 1960 2158 2003 2070 2300 2159 2199 2085 2119 1827 1863 2080 2220 1988 2037 2214 1904 2235 2087 2047 2030 1921 1961 2198 2117 2320 2114 1788 1926 2143 1901 2036 1789 2494 1977 2122 1992 1901 1948 1828 2376 1859 1999 1993 2198 2247 1831 1831 2270 2153 2145 2409 1858 2088 2064 1885 1932 2105 2275 2141 1731 2008 1892 1914 2306 1860 2111 2307 1944 2115 2174 2156 2159 2254 2178 2383 2078 2114 1735
1998 1972 1769 2017 2086 1996 1858 2090 2025 2142 1969 2014 1859 2014 2040 2133 1893 1948 1925 1839 1916 1779 2085 2121 1876 1973 1935 2064 2015 2143 1845 1757 2074 1900 1878 1996 2167 1866 2092 1959 1961 1933 1540 1736 1968 2029 2235 1951 1648 1734 2283 1784 1854 1838 2068 1805 2122 2074 1766 1971 1680 2044 1717 1747 1893 2045 1988 1849 2029 1980 2186 2185 2104 1543 1936 1744 1810 2017 1869 1922 1931 1776 1890 1940 2007 1930 1693 1745 2239 1910 2121 2078 2161 2015 2151 2134 2146 1900 1824 1668
2111 2030 1986 2063 2186 2007 1809 2016 1769 2058 1805 2086 1702 2188 2156 2269 1963 2126 1865 2017 1953 1786 1964 2092 2049 2125 2097 2014 2137 1939 1777 1756 1906 2125 2059 2107 2140 1856 2173 1854 1971 1864 1681 1822 2107 2184 2262 2087 1714 1870 2016 1761 1962 1793 2247 1981 2122 1964 1984 1893 1904 2049 1651 2024 1827 1952 2026 1795 1805 2051 2146 2247 2071 1792 2007 1923 1853 1940 1936 2320 2024 1759 2091 1936 1793 2005 1847 1942 2318 1858 2197 2009 2213 2155 2396 2113 2135 1965 1977 1763
2083 2114 1741 2086 2221 2030 1792 1963 1999 2039 1826 2129 1857 2247 2208 2117 2005 2064 2076 1962 1758 1879 1959 2048 2003 2030 2059 2120 2103 2019 1794 1877 2089 2076 2174 2010 2150 1868 2052 2040 1907 1737 1708 1827 2037 2007 2274 2008 1597 1798 2181 1840 1993 1642 2221 1762 2093 2124 1792 1983 1757 2049 1762 1985 1842 2220 2095 1917 1907 1924 2052 2079 2094 1805 2141 2129 1774 1826 1921 2234 1860 1781 1876 1890 1769 2124 1766 1813 2205 1839 2058 2001 2262 2254 2286 2087 2021 1970 1920 1763
1991 1941 1798 1914 2029 1997 1829 1873 2055 2006 1719 2097 1655 2216 1990 1893 2041 1969 1973 1877 1813 1849 1896 2062 2047 2142 2044 2034 2085 1912 1670 1639 1786 1961 2060 1876 2001 1740 2115 1876 1826 1931 1656 1767 2078 1947 2019 1986 1694 1818 2063 1767 1932 1749 2116 1937 2034 2021 1886 1922 1754 2109 1704 1907 1682 1900 2048 1859 1818 1920 2069 2053 2248 1502 1995 1989 1864 1963 1738 2071 1827 1633 1844 1880 1786 2014 1776 1784 2106 1734 1959 2109 2143 2185 2200 2012 2181 1945 1951 1765
2279 2145 2096 2280 2354 2161 2120 2170 2264 2292 2023 2313 2048 2605 2260 2381 2061 2354 2305 2252 2123 2079 2279 2276 2222 2236 2273 2302 2228 2281 2025 1818 2131 2305 2280 2281 2276 2261 2429 2193 2129 2068 1871 1864 2383 2194 2492 2214 1837 2091 2429 2034 2118 1920 2543 1937 2168 2340 2098 2285 1929 2386 1865 2363 1989 2373 2334 2121 2074 2280 2276 2224 2501 1796 2284 2273 1991 2178 2119 2363 2347 1980 2128 2088 2025 2419 1966 1921 2583 1934 2368 2257 2392 2505 2419 2267 2350 2140 2137 2044
1741 1981 1553 1869 1954 1723 1569 1801 1769 1826 1592 1764 1703 1948 1829 2004 1698 1796 1671 1778 1606 1691 1776 1761 1809 1858 2012 1999 1656 1907 1598 1740 1658 1815 1884 1824 1820 1648 1944 1673 1930 1731 1619 1610 2018 1746 2003 1995 1589 1603 1877 1760 1630 1615 2027 1677 2029 1919 1590 1754 1633 2029 1555 1698 1563 1900 1926 1636 1706 1795 1857 1906 1792 1604 1902 1735 1534 1771 1646 2000 1750 1565 1681 1654 1537 1838 1552 1636 1939 1658 1850 1792 1826 1869 1861 1795 1922 1844 1665 1555
1886 1838 1682 1771 2183 1996 1706 1873 1789 1867 1817 1987 1672 2036 2005 2105 1697 1850 1794 1901 1637 1732 1775 1973 1884 1875 1833 2045 2035 1800 1825 1678 1806 1706 2111 1838 1829 1718 2063 1893 1756 1884 1565 1619 1771 1910 2070 1807 1657 1725 2046 1831 1860 1646 2004 1684 2132 1971 1635 1810 1702 1892 1551 1803 1618 2066 1922 1751 1741 1817 2089 1885 2131 1651 1967 1975 1604 1867 1923 1950 1728 1668 1695 1724 1612 1929 1607 1684 2083 1678 1812 2024 2128 2037 2097 1757 2021 1954 1696 1688
1994 1862 1644 2077 2123 1994 1909 1985 1984 1918 1754 2091 1802 2267 2090 2196 2025 2004 1980 1980 2003 1924 1927 2084 2125 1948 1970 2063 2045 2043 1766 1938 1867 1847 2085 2010 2054 1918 2262 1935 2003 1931 1747 1908 1889 2040 2235 1978 1651 1876 2084 1825 1904 1656 2248 1775 2109 2019 1769 1950 1849 2170 1862 1900 1901 2261 1973 1890 2102 1973 2143 1991 2235 1760 2173 2032 1857 2069 1944 2351 1933 1700 2022 1936 1833 2216 1873 1752 2124 1721 2126 2066 2304 2125 2322 2034 2232 2032 1736 1783
2347 2275 2034 2348 2475 2413 2261 2328 2157 2157 2070 2409 2001 2438 2284 2365 2268 2138 2172 2236 2269 2060 2141 2310 2153 2301 2181 2378 2378 2344 2053 2080 2234 2226 2396 2178 2257 2176 2381 2311 2017 2112 1912 2078 2134 2234 2431 2138 1911 2202 2352 2035 2088 2146 2421 2181 2401 2330 2043 2206 2195 2280 2075 2030 2047 2434 2361 2129 2080 2233 2375 2229 2515 2167 2353 2253 2012 2167 2270 2410 2185 2028 1990 2048 1951 2477 1912 2059 2489 2057 2290 2450 2515 2386 2540 2168 2391 2248 1984 1946
2195 2497 2115 2394 2443 2446 1926 2343 2213 2289 2083 2314 2078 2569 2350 2360 2160 2353 2017 2233 2310 2031 2150 2278 2399 2272 2233 2404 2312 2325 2131 2173 2293 2212 2458 2199 2271 2157 2336 2331 2075 2196 1916 2175 2204 2335 2559 2444 1809 2006 2354 2106 2235 2067 2575 2211 2427 2238 2115 2157 2209 2378 1997 2196 1940 2459 2362 2103 1966 2300 2402 2307 2524 2113 2414 2214 1987 2151 2329 2574 2125 1949 2049 2069 2010 2454 1867 2119 2490 2206 2457 2232 2317 2516 2397 2298 2248 2223 2115 1944
1721 1550 1589 1817 1852 1603 1610 1660 1636 1627 1412 1754 1602 1898 1728 1791 1693 1728 1666 1531 1579 1529 1745 1784 1603 1878 1776 1639 1716 1746 1547 1471 1534 1802 1667 1518 1651 1504 1846 1516 1489 1600 1436 1556 1571 1571 1897 1631 1435 1550 1658 1384 1696 1575 1802 1597 1675 1727 1616 1649 1485 1807 1553 1627 1629 1683 1776 1592 1441 1619 1845 1575 1787 1524 1720 1729 1331 1607 1533 1755 1656 1431 1640 1574 1469 1768 1521 1470 1882 1430 1757 1690 1783 1813 1858 1641 1647 1590 1579 1478
2140 2102 2011 2071 2329 2175 1905 2101 2158 2230 1980 2235 1766 2290 2135 2255 1928 2075 2079 2137 2129 1973 2016 2256 2084 2236 2131 2132 2158 2042 1813 1683 2043 2093 2226 2072 2127 1922 2357 2262 2160 2054 1824 1898 2065 2060 2325 2101 1936 2085 2304 2075 1984 1866 2352 1904 2407 2217 1928 2080 1705 2228 1886 2203 1774 2257 2075 1980 1986 2117 2218 2097 2440 1798 2120 2206 2014 2138 1952 2237 2009 1766 1906 1822 1930 2244 1826 1752 2346 1884 2105 2215 2226 2276 2336 2216 2218 2084 1923 1822
1972 2060 1850 2076 2180 2168 1896 2155 2149 2303 1945 2039 1697 2247 2036 2057 1806 2122 2014 1927 1792 1831 2063 1931 1998 2136 2050 2147 2087 2019 1881 1883 2000 2056 2025 2083 2126 2045 2247 1951 1952 1908 1916 1908 2064 1887 2259 2102 1571 1851 2266 1942 1911 1730 2362 1754 2184 2019 1770 1946 1752 2071 1668 1859 1973 2054 2086 2040 1892 2151 2189 2048 2318 1666 2087 1965 2088 1943 1899 2195 2017 1838 1919 1922 1879 1997 1772 1755 2258 1922 2100 1900 1931 1937 2152 2162 2148 2148 2004 1677
2039 2030 1876 1922 2275 2147 1860 2180 1973 2081 2057 2144 1739 2192 2170 2119 1994 2021 2069 2078 1918 1842 2061 2029 1973 1980 1988 2035 2137 2054 1899 1775 2011 1922 2216 2009 2152 1974 2249 1962 2076 1894 1737 1794 2017 2047 2168 2193 1680 1786 2172 1857 1968 1767 2294 1869 2149 2078 1960 1945 1808 2111 1773 1953 1939 2078 2214 1879 1914 1938 2181 2177 2229 1740 2190 2084 1790 2059 2005 2050 1852 1861 1791 1917 1794 2064 1780 1855 2332 1845 2186 2056 2199 2174 2217 2078 2202 1972 2008 1832
2195 2231 2101 2083 2249 2284 2034 2213 2217 2211 2155 2128 2083 2267 2194 2410 1983 2069 2112 1980 2121 1989 2255 2059 2071 2227 2122 2183 2088 2252 1907 1996 2088 2213 2117 2215 2154 2050 2318 2139 2164 2018 1812 1985 2037 2037 2370 2150 1875 2019 2220 2000 1974 2101 2457 1999 2349 2200 1993 2052 1947 2258 1927 2098 1893 2293 2187 1927 2064 2271 2331 2221 2350 1977 2051 2125 1931 1919 1972 2267 2144 1832 2065 1958 1911 2315 1894 1877 2373 2035 2248 2328 2193 2152 2357 2279 2065 2202 1982 1887
2019 2102 1806 2120 2372 2075 1954 2165 2127 2069 1860 2119 1827 2344 2046 2154 1956 2183 1974 1952 1964 2012 2139 2078 2060 2143 2159 2112 1992 2272 1892 1908 2034 2007 2164 2003 2154 1972 2297 2060 2017 2044 1740 1927 2046 2043 2211 2147 1824 1983 2213 1903 1937 2023 2175 1861 2084 2165 1965 2170 1800 2185 1876 2137 1782 2009 2285 1996 2080 1968 2325 2149 2457 1682 2198 2058 1849 2101 2001 2072 2006 1784 1948 2009 1862 2098 1694 1882 2085 1848 2104 1972 2199 2024 2306 2069 2178 2185 1859 1834
2171 2265 2047 2225 2362 2242 2016 2198 2152 2169 2070 2324 2033 2431 2294 2197 2096 2086 2173 2046 2111 1991 2227 2106 2187 2114 2098 2195 2129 2366 1920 2034 2168 2077 2305 2111 2228 2071 2411 2074 2146 2201 1756 2036 2201 2126 2337 2290 1888 2031 2356 2194 2161 1905 2371 2009 2289 2296 1885 2218 1878 2318 2041 2059 1903 2418 2276 1961 2110 2237 2353 2327 2430 1942 2320 2069 1849 2020 2097 2340 2030 1915 2033 2150 1980 2400 1778 2029 2347 1945 2291 2144 2229 2265 2294 2401 2240 2257 2175 1833
2071 2110 1806 2082 2127 2168 1858 2161 2100 2113 2088 2134 1852 2338 2072 2182 1892 2035 1979 1943 1881 1905 1992 1905 1908 2159 2205 2168 2106 2014 1713 1876 2131 2089 2141 1928 2157 1877 2143 1816 2009 1972 1916 2049 2137 2042 2253 2195 1691 1900 2154 1916 1877 1930 2372 1748 2311 2362 1877 1975 1955 2207 1829 2058 1884 2170 2313 1803 1871 2288 2135 2080 2270 1907 2101 1862 1888 2033 1841 2129 1998 1720 1986 1985 1799 2072 1747 1917 2337 1804 2148 2092 2196 2048 2113 1961 2321 2142 1846 1651
2131 1975 1696 2041 2184 2133 1761 2099 1915 2015 1910 2179 1799 2348 2044 2216 2006 2065 2012 1934 1993 1935 2151 2052 2038 1961 1967 2209 2126 2177 1876 1842 1976 2163 2196 2063 2073 1887 2230 1854 1964 1973 1784 1802 2120 2143 2252 2194 1623 1899 2221 1869 1884 1827 2312 1919 2010 2103 1930 2056 1897 2090 1699 1971 1916 2172 2164 1835 1925 2134 2127 2075 2358 1825 2123 1951 1841 1864 1916 2108 2124 1698 1987 1970 1849 2237 1674 1830 2305 1905 2165 2093 2123 2219 2168 2093 2161 2027 1889 1786
1975 2010 1721 1982 2199 2009 1957 1944 1983 1959 2006 2144 1875 2153 2065 2172 1933 1904 1954 2085 1853 1853 2010 2301 2042 1941 1847 2190 2138 2143 1751 1878 1964 1968 2093 2216 2193 1792 2027 1952 1916 1901 1642 1803 2027 2070 2213 2006 1833 1832 2181 1578 1928 1902 2253 1838 2031 2033 1712 1972 1847 1947 1822 1808 1843 2238 2227 1960 1984 2096 2052 2029 2348 1742 2015 1861 1707 1905 2094 2063 2026 1698 1933 1878 1976 2169 1667 1855 2240 1878 1950 2147 2305 2011 2208 2115 2146 2050 1951 1826
2330 2220 2109 2280 2407 2370 1831 2150 2290 2179 2157 2294 1855 2234 2217 2421 2120 2128 2204 2165 1997 2060 2112 2200 2261 2242 2302 2322 2250 2174 1849 1767 2147 2238 2338 2243 2248 2072 2226 2166 2051 2215 1920 2013 2289 2167 2433 2278 1924 2034 2273 2058 2084 2000 2368 2077 2289 2218 2048 2181 1975 2290 1930 2170 2020 2299 2365 1972 2094 2285 2367 2210 2458 2015 2151 2116 2021 2003 2098 2226 2267 1720 2140 1984 2157 2333 1918 1949 2558 2082 2277 2358 2257 2306 2429 2315 2312 2267 2033 1714
1817 1702 1600 1749 1899 1749 1605 1742 1851 1870 1660 1753 1706 2003 1849 1987 1901 1828 1746 1671 1733 1715 1785 1894 1806 1846 1787 1898 1739 1938 1720 1630 1648 1810 1824 1754 1762 1619 1956 1751 1696 1758 1565 1724 1826 1889 2001 1739 1462 1680 1957 1549 1809 1688 2043 1619 1863 1985 1847 1680 1678 2022 1631 1888 1649 1886 1850 1679 1646 1787 1976 1888 2064 1512 1710 1832 1523 1697 1644 1762 1765 1459 1797 1816 1682 1840 1648 1683 2011 1665 1959 1800 1965 1898 1951 1915 1782 1653 1545 1739
2147 2026 1892 2110 2216 2057 1932 2011 2101 2436 2015 2153 2077 2403 2201 2362 2082 2090 2162 2090 1943 2100 2049 2173 1998 2163 1914 2365 2027 2065 1973 1939 2055 2212 2166 2076 2108 1816 2347 1971 1940 2097 1873 1954 2053 2030 2433 2096 1975 1861 2286 2017 2093 1731 2495 1877 2237 2115 2018 2182 1852 2283 1834 2020 1887 2266 2282 1951 1886 2293 2239 2195 2390 1766 2121 2105 2000 1985 2045 2317 2169 1832 2010 2036 1895 2258 1942 1958 2424 1926 2078 2201 2157 2202 2256 2197 2184 2223 1985 1744
2092 2001 1808 2225 2136 2027 1933 1888 2113 2187 1965 2099 1776 2124 2248 2292 1937 1897 2025 1943 1969 1896 2139 2170 1919 2175 2089 2125 2031 1944 1943 1893 2107 2010 2090 2063 2070 1937 2103 1977 2025 1989 1699 1902 2015 1957 2344 1903 1648 1899 2206 1984 2038 1826 2234 1831 2076 2206 1929 2025 1876 2228 1760 2103 1826 2302 2025 1902 1778 2123 2199 2179 2255 1797 2139 2105 1880 1956 1942 2172 2024 1811 2009 1842 1911 2123 1784 1901 2287 1804 2151 2114 2181 2109 2224 2002 2316 1979 1924 1846
2170 2178 1817 2136 2313 2117 2041 2104 2123 2077 2085 2105 1746 2267 2179 2382 2114 2140 1995 2007 1928 1987 2224 2218 2228 2097 2163 2064 2301 1988 1811 2037 2077 2104 2319 2171 2284 1906 2271 2049 2009 1955 1835 1962 1951 2201 2308 2169 1951 2006 2258 1657 2119 1903 2295 2013 2181 2163 1978 2018 2001 2111 1893 2148 1995 2328 2426 1985 1961 2006 2339 2013 2451 2096 2236 2150 1989 1926 2071 2321 2187 1817 2029 1916 2027 2382 1745 2071 2485 2037 2080 2235 2273 2151 2486 2031 2349 2140 2145 1972
1810 1932 1696 1897 1995 1849 1619 1771 1773 1814 1668 1915 1780 2005 1877 1956 1836 1764 1894 1725 1818 1731 1945 1889 1842 1930 1832 1980 1904 1942 1628 1781 1766 1896 1811 1994 1876 1655 1930 1714 1799 1832 1546 1660 1780 1814 2075 1964 1659 1654 1900 1722 1704 1738 2057 1711 2032 1884 1700 1895 1641 2062 1779 1819 1721 2050 2024 1589 1854 1906 2144 1871 2054 1666 1811 1881 1544 1654 1744 2015 1814 1503 1807 1937 1723 1877 1561 1674 2122 1762 1961 2044 1946 1951 1826 1929 1930 1777 1816 1718
2162 2064 1892 2143 2124 2078 2029 2118 2090 2042 1966 2036 1901 2171 2200 2295 2060 2141 2065 2036 1962 1880 2216 2044 1891 2102 2031 2168 2025 2153 2031 1819 2092 2241 2015 2115 2112 1998 2010 1902 1892 1992 1630 1732 1982 2071 2384 2106 1651 1986 2242 1924 1847 2007 2341 1764 2230 2131 1958 2068 1835 2154 1910 2031 1758 2188 2182 1826 1936 2228 2235 2164 2280 1938 2079 2009 1708 1940 1953 2051 2136 1808 1934 1839 1868 2070 1677 1843 2376 1868 2147 2050 2211 2158 2198 2118 2183 1993 1921 1868
2043 2095 2008 2130 2325 2248 2046 2224 2188 2299 1947 2206 1990 2384 2202 2282 1975 2165 2143 2068 2193 2093 2206 2264 1999 2288 2111 2117 2205 2200 1933 1947 2185 2224 2202 2193 2258 2012 2504 2128 2188 2102 1911 1998 2170 2169 2271 2219 1908 2129 2293 1973 2015 2013 2361 1965 2302 2149 1811 2206 1776 2290 1864 1968 1893 2372 2224 2008 2145 2267 2355 2258 2553 1848 2109 2075 2052 2093 2056 2341 2150 1877 1984 2084 1842 2177 1837 2054 2220 1951 2374 2117 2354 2145 2285 2175 2271 2264 2119 1993
2233 2050 1906 2201 2256 2224 1945 2152 2163 2041 1989 2140 1861 2235 2223 2283 1967 2010 2057 2061 2035 1988 2176 2025 2130 2196 2139 2129 2180 2090 1973 1910 2132 2225 2229 2147 2068 2048 2148 2043 2035 1805 1741 1843 1987 2092 2358 2233 1582 1909 2238 2078 1856 1927 2390 1926 2299 2142 1865 2101 1908 2006 1863 2033 1912 2184 2178 2014 1859 2157 2263 2242 2254 1816 2152 2182 1899 1903 1950 2278 1897 2104 1967 2004 1728 2150 1776 1792 2280 1909 2241 2011 2370 2304 2462 2122 2174 2119 1963 1888
2096 2048 1791 2145 2268 2216 1967 2216 2165 2054 1974 2046 1834 2239 2065 2235 1973 2157 2001 2080 1794 1880 1944 1953 2081 2105 2073 2181 2108 2159 1976 1876 2219 1976 2019 2073 2026 2217 2232 1977 1993 2079 1751 1993 2077 1989 2343 2072 1752 1947 2108 1905 1911 1987 2376 1710 2176 2152 1807 1958 1873 2192 1964 2027 1963 2266 2046 1872 2010 2028 2233 2031 2257 1788 2165 2068 1788 1937 2026 2112 2129 1850 2048 1922 1920 2156 1840 1851 2292 1823 2095 2053 2158 2136 2261 2120 2226 2148 1944 1681
2180 2194 1952 2248 2499 2210 2045 2290 2203 2403 2164 2441 1999 2426 2275 2298 2119 2200 2066 2133 2190 2018 2203 2416 2250 2219 2202 2349 2191 2268 1938 2135 2081 2223 2467 2279 2269 2017 2373 2279 2255 2173 1918 2033 2204 2305 2515 2414 1958 1859 2525 2167 2148 1955 2620 2109 2440 2293 2086 2149 1949 2335 1819 2211 2068 2213 2358 2165 1957 2278 2373 2227 2596 1972 2413 2160 2093 2070 2007 2405 2193 2000 2109 2180 2010 2398 1893 2040 2375 2008 2298 2272 2296 2403 2567 2300 2297 2398 2116 2038
1928 1941 1695 1991 2147 2131 1930 1851 1912 2105 2025 2019 1680 2205 2014 2120 1962 1935 1805 1801 2001 1865 2144 2078 1905 2080 2071 2018 2115 2056 1923 1948 2039 1950 2029 2051 2021 1730 2210 1948 2037 1808 1759 1884 1874 2018 2215 2052 1679 1901 2114 1838 1751 1833 2248 1920 2081 1969 1954 2007 1923 1982 1825 2026 1685 2003 2161 1916 1736 2083 2036 2046 2264 1851 2063 1957 1803 1915 1899 2240 1931 1716 1830 1861 1747 2092 1707 1902 2254 1764 2180 2133 2122 2048 2166 1906 2130 2036 1816 1795
1988 2023 1722 2164 2069 1947 1908 2061 2031 1897 1831 1949 1790 2112 1962 2005 1888 2016 1813 1929 1861 1851 1993 1861 1872 1833 2053 2014 1912 2071 1960 1691 1878 1983 1923 1789 2007 1891 2044 1900 1950 1868 1660 1801 2013 1776 2130 1909 1555 1880 1941 1723 1837 1875 2226 1687 1914 2038 1682 2007 1667 2108 1696 1806 1718 1995 2009 1877 1741 1941 1953 2085 2133 1690 2016 1792 1651 1765 1881 1946 2031 1602 1837 1627 1803 1941 1544 1777 2107 1787 1957 1776 2034 1920 2063 1959 2090 1910 1785 1646
2066 2187 1873 2112 2250 2217 1963 2135 2107 2300 1941 2266 1877 2369 2169 2399 2029 2092 2197 2061 2118 1974 2089 2122 2065 2146 2120 2127 2174 2234 2085 1960 2178 2039 2181 2110 2142 1968 2437 2099 2238 2008 1901 1975 2188 2111 2307 2095 1740 1984 2062 2000 1966 1758 2313 1966 2146 2123 1949 2066 2010 2250 1977 1971 1942 2261 2200 1999 1933 2192 2402 2184 2378 1900 2235 2086 2051 2077 2171 2201 2029 1864 2076 2112 1952 2212 1916 2007 2563 1956 2278 2213 2272 2203 2291 2189 2234 2039 1903 1904
2247 2302 2088 2160 2531 2356 2050 2382 2397 2333 2140 2205 2022 2460 2395 2481 2196 2268 2236 2234 2126 2068 2323 2367 2319 2488 2229 2361 2366 2343 2040 2144 2386 2302 2224 2245 2419 2235 2494 2090 2123 2193 2056 2032 2306 2273 2588 2268 1845 2020 2404 2024 2221 2131 2498 2141 2544 2302 2257 2316 2115 2348 1898 2153 1948 2493 2358 2174 2285 2276 2541 2382 2610 2029 2134 2252 2057 2216 2181 2394 2361 2103 2239 2037 2087 2308 1976 1982 2483 2138 2369 2365 2379 2336 2453 2144 2376 2393 2144 1927
2376 2416 2163 2275 2471 2356 2220 2303 2454 2451 2258 2318 2171 2628 2432 2468 2192 2332 2302 2330 2194 2135 2252 2240 2181 2355 2172 2503 2064 2380 2008 1965 2329 2315 2364 2345 2343 2205 2516 2385 2235 2210 1976 2218 2329 2158 2483 2341 1991 2256 2432 2212 2290 2080 2644 2056 2342 2552 2246 2269 2103 2482 1957 2395 1894 2574 2509 1968 2170 2406 2462 2413 2537 1964 2404 2276 2132 2319 2243 2409 2232 2094 2261 2089 2056 2526 1935 2195 2668 2106 2391 2389 2428 2333 2464 2418 2424 2358 2153 1999
2209 2084 1889 2074 2247 2300 1887 2204 2212 2043 2117 2195 2001 2401 2138 2329 2157 2142 1995 2030 2093 1983 2152 2053 2116 2169 2188 2259 2144 2069 1886 1898 1957 2070 2063 2127 2129 2019 2263 2084 2105 1992 1852 1823 2066 2190 2339 2225 1759 1803 2350 1970 1943 1721 2408 1782 2270 2187 1973 2020 1826 2250 1869 2098 2030 2294 2163 1833 2005 2090 2126 2193 2359 1698 2278 2021 1952 1925 1978 2230 2145 1725 2023 2033 2011 2197 1884 1763 2271 1901 2202 2170 2217 2334 2349 2161 2430 2089 1913 1690
1870 1949 1618 1943 2107 1897 1604 1862 1898 1871 1755 1801 1628 1966 1904 2075 1821 1921 1776 1930 1685 1880 1745 1908 1906 1761 1796 2044 1827 1944 1740 1746 1925 1798 2026 1710 1814 1779 2080 1756 1845 1949 1682 1779 1925 1764 2102 1883 1632 1660 1929 1824 1895 1729 2090 1712 2047 2123 1805 1725 1698 2081 1639 1865 1529 2270 2150 1746 1715 1971 2008 1848 2189 1788 1981 1906 1630 1886 1695 1900 1999 1632 1790 1713 1663 1914 1401 1837 2112 1715 1872 1897 1888 1908 1934 1751 1896 1859 1853 1600
1960 2013 1906 1912 2169 1969 1883 1875 2015 2067 1947 2096 1834 2266 1968 2026 1947 2008 1905 1834 1769 1845 1911 2061 2023 1862 2000 2133 2052 1962 1582 1750 1945 1977 2081 2024 1982 1726 2179 1838 1872 1937 1792 1865 1950 2138 2024 2142 1774 1929 2132 1658 1901 1728 2131 1770 2043 2060 1872 1983 1789 2033 1800 2022 1725 2208 2225 1912 1890 2199 2114 2003 2367 1798 2239 1880 1832 1961 1918 2109 1907 1741 1802 1953 1724 2121 1559 1799 2204 1739 1973 2142 2059 1903 2089 1909 2210 2163 1927 1836
2136 2036 1864 2246 2172 2241 1879 2032 2274 2217 1997 2134 1870 2332 1986 2153 1891 2021 2047 2167 1918 1991 2150 2212 2118 2219 2179 2100 2184 1964 1903 1804 2196 2070 2082 2175 2072 2147 2351 2109 1980 2044 1791 1998 2152 1868 2218 2174 1808 1962 2361 2052 2040 1854 2318 1926 2149 2212 2010 2028 1767 2150 1634 1993 1892 2255 2230 1870 1841 2009 2188 1966 2423 1635 2053 2117 1930 2039 2016 2116 2030 1798 1938 2024 2031 2049 1781 1924 2413 1966 2366 2024 2135 2180 2160 2235 2339 2068 1953 1802
2262 2093 1901 2326 2245 2213 1940 2007 2260 1962 2153 2197 1814 2349 2135 2249 2107 2117 2066 2168 2130 1983 2201 2117 2136 2144 2139 2164 2203 2202 1878 1967 2215 2110 2341 2263 2265 2042 2044 2178 2040 2105 1883 2001 2056 2096 2366 2265 1816 2011 2170 2040 1990 1925 2340 2007 2281 2153 1982 2024 1833 2161 2094 2107 1858 2302 2370 1961 2083 2200 2156 2111 2450 1983 2204 2231 2001 1922 2171 2060 1982 1962 2073 1829 1956 2366 1688 1921 2273 1925 2035 2155 2331 2330 2501 2294 2266 2067 2010 2037
1872 1897 1724 1991 2034 1897 1613 1754 1856 1822 1840 1856 1697 2032 1948 2023 1724 1872 1765 1822 1678 1750 1914 1973 1976 1715 1867 2003 1903 1877 1538 1667 1781 1846 1880 1926 1844 1728 1890 1712 1812 1804 1451 1537 1744 1854 1987 1872 1608 1778 2041 1564 1798 1550 2084 1600 1828 1779 1717 1832 1558 1887 1619 1882 1703 2066 1946 1660 1797 1822 1892 1747 2132 1677 1988 1863 1653 1649 1683 1941 1817 1584 1636 1791 1838 2006 1527 1601 2022 1736 1898 2003 2005 1986 2014 1912 2002 1887 1836 1646
2343 2295 1915 2271 2497 2223 2203 2276 2315 2047 2209 2350 2158 2520 2304 2433 2183 2354 2221 2184 2228 2109 2303 2234 2202 2253 2398 2460 2222 2391 1905 2118 2176 2307 2313 2202 2433 2109 2205 2233 2222 2119 1953 2061 2339 2169 2449 2335 1793 2181 2345 2183 2205 2052 2550 2034 2484 2383 2041 2241 2160 2434 2084 2285 2111 2308 2477 2101 2258 2230 2488 2268 2483 2092 2353 2157 1864 2102 2129 2330 2150 1860 2429 2130 2099 2507 1974 1999 2396 2052 2219 2402 2415 2438 2417 2250 2545 2263 1962 2041
2248 2115 1930 2141 2176 2155 2020 2054 1936 2103 1967 2257 1878 2209 2135 2078 2102 2001 2065 1874 1999 1905 2212 2128 2022 2051 2186 2173 2057 2142 1831 1754 1998 2178 2198 2145 2074 1892 2317 1987 1813 1860 1774 1961 1974 2093 2234 2033 1786 2052 2301 1871 1971 2013 2241 1975 2128 2158 1938 1896 1857 2198 1796 1976 1947 2056 2120 1913 1806 2196 2312 2113 2308 1835 2135 1903 1803 1989 1952 2124 1930 1769 1842 1982 1842 2217 1696 2020 2442 1898 2195 2069 2209 2011 2278 2287 2140 2000 1914 1915
2245 2232 1911 2255 2318 2391 2209 2181 2277 2168 2231 2262 2028 2457 2151 2315 1999 2210 2249 2188 1966 2045 2216 2044 2125 2097 2118 2365 2245 2281 1895 1890 2268 2175 2212 2142 2150 2116 2288 2242 2025 2114 1856 2055 2245 2148 2318 2249 1887 2195 2485 2180 1933 2111 2448 1833 2346 2407 1913 2152 1887 2283 1968 2120 1936 2401 2426 2025 2019 2386 2247 2335 2651 1816 2172 2002 1819 2085 2020 2306 2117 1926 1899 2046 1957 2221 1740 1920 2461 1883 2381 2189 2400 2182 2229 2344 2368 2285 1989 1759
2462 2344 2226 2481 2637 2628 2446 2511 2313 2400 2380 2435 2321 2709 2525 2643 2381 2318 2480 2379 2333 2413 2545 2570 2363 2497 2373 2662 2472 2522 2264 2246 2293 2454 2532 2473 2560 2396 2533 2289 2443 2245 2098 2087 2535 2376 2792 2377 2126 2382 2634 1995 2368 2271 2892 2096 2503 2453 2291 2640 2226 2508 2297 2365 2178 2569 2631 2445 2321 2370 2660 2620 2824 2206 2546 2468 2162 2333 2398 2642 2659 1992 2374 2262 2304 2620 2348 2313 2575 2177 2617 2492 2557 2488 2821 2387 2604 2447 2241 2198
2263 2052 1886 2182 2401 2312 1981 2227 2159 2289 2288 2194 2073 2300 2293 2472 2117 2082 2010 2219 2245 2152 2183 2209 2216 2266 2213 2318 2158 2137 2074 2048 2188 2175 2117 2244 2318 2056 2361 2244 2287 2122 1847 1982 2217 2154 2390 2239 1741 1961 2403 2067 1981 1914 2560 2100 2414 2177 2066 1987 2000 2203 1972 1989 2013 2343 2272 2115 1941 2328 2263 2392 2417 1844 2179 2102 1834 2083 2113 2274 2108 1834 2076 2011 2041 2269 1950 1902 2487 1992 2291 2330 2314 2365 2402 2332 2306 2079 1963 1845
2143 2005 1968 2235 2238 2210 2026 2147 2112 2150 2170 2240 2035 2260 2202 2134 1976 2117 1872 2108 2035 1814 2055 2060 2048 2270 2339 2240 2092 2037 1804 1901 1986 2095 2077 2153 1966 2130 2137 2026 2153 2017 1849 1973 2048 2135 2351 2127 1708 2035 2407 2050 2108 2026 2424 1967 2314 2161 1888 2095 1966 2103 1793 2133 1845 1963 2085 2000 1824 2266 2189 2189 2318 1887 2186 1972 1854 1933 1998 2337 2056 1810 2099 2039 1954 2130 1978 1876 2304 1967 2314 2104 2148 2205 2324 2182 2305 2267 1994 1788
2066 1890 1918 1959 2111 2118 1797 2038 2016 2229 1790 1989 1979 2295 2155 2183 1889 2033 1843 1778 1875 1922 2086 2044 2071 2129 1944 2076 2037 2106 1852 1954 2025 2000 2027 1879 2058 1864 2084 1995 1993 1940 1608 1696 1943 1951 2191 2111 1630 1788 2151 1735 1816 1924 2246 1938 2106 2020 1798 2024 1811 2013 1694 1892 1852 2196 2152 1877 1988 2138 2140 2131 2298 1763 2106 1913 1796 1770 1872 2114 2031 1744 1836 1932 1733 2163 1698 1760 2151 1929 2241 2293 2028 2251 2256 1902 1990 1976 1908 1743
1953 2125 1867 2005 2169 2001 1865 1990 2065 2158 1732 1897 2008 2207 2132 2191 1938 1973 1964 1911 1854 1929 2140 2125 1993 2118 1981 2118 1862 2064 1754 1887 1892 1957 1858 1960 2015 1987 2454 1922 1922 1994 1795 1919 2071 1951 2244 2006 1826 1785 2003 1784 1921 1847 2222 1964 2045 2111 1974 1921 1891 2185 1562 1917 1782 2233 2082 1747 1949 2086 2078 1961 2264 1704 2031 1840 1913 2049 1868 2224 1976 1790 1960 1932 1841 2038 1680 1898 2331 1829 2249 2256 1969 2068 2154 1918 2045 2028 1875 1710
1987 1920 1863 2086 2179 2103 1786 2067 2002 2102 2050 2053 1848 2189 2093 2076 1901 2044 1946 1971 2070 1879 1980 2066 2035 2088 1941 2221 2011 2057 1777 1614 1897 2015 2056 1955 2059 1857 2263 1901 1976 2031 1745 1963 1979 2158 2224 2057 1707 1970 2297 1820 1994 1704 2335 1789 2130 1997 1823 1971 1710 2205 1734 1914 1921 2178 2186 1822 1809 2086 2170 2083 2326 1716 2133 1916 1950 1937 1873 2172 2077 1656 1978 2009 1813 2231 1745 2000 2097 1936 2141 1949 2040 2078 2079 2195 2185 1993 2114 1747
2047 1920 1854 2097 2225 2038 1996 2028 2089 2192 1960 2008 1906 2283 2104 2262 1889 1969 1999 2022 1919 1878 2004 2050 2035 2144 2062 1995 1979 2057 1899 1997 1988 2105 2075 2132 1972 2096 2092 2096 1964 1897 1790 1860 2063 1918 2481 2054 1866 1855 2125 1947 1921 1738 2491 1887 2294 2028 1834 2052 1876 2116 1757 1962 1875 2224 1973 1975 1877 2144 2054 2008 2352 1865 2053 2054 1872 1902 1894 2194 2063 1930 1850 1836 1698 2301 1794 1922 2121 1895 2120 2264 1992 2307 2311 1973 1943 2106 1911 1786
2292 2124 1971 2094 2440 2238 1995 2191 2161 2156 2060 2230 2182 2482 2254 2427 2033 2194 2243 2207 2106 2053 2188 2120 2161 2305 2205 2373 2125 2236 1893 1979 2108 2300 2118 2242 2203 2098 2221 2149 2045 1943 1765 1776 2280 2109 2442 2183 1842 2054 2195 2074 2032 1848 2484 2063 2395 2191 1951 2051 1832 2394 1931 2086 2021 2422 2198 1962 1909 2265 2468 2248 2403 1881 2280 2098 1753 2114 2063 2303 2057 2069 2067 2062 1806 2329 1897 2027 2525 2034 2255 2382 2293 2509 2271 2039 2235 2047 1985 1912
2318 2054 2068 2146 2426 2275 2135 2145 2201 2126 1922 2166 1960 2483 2160 2375 2049 2238 2070 2170 2068 2031 2095 2192 2295 2328 2212 2142 2238 2288 1931 1966 2242 2228 2296 2195 2186 2132 2257 2200 2180 2079 1835 2093 2110 2119 2449 2442 1841 2059 2128 1988 2018 1983 2460 1890 2334 2162 2022 2108 1944 2190 2039 2152 2056 2293 2287 2106 2036 2197 2438 2255 2409 1850 2117 2187 1802 1993 2130 2282 2123 1901 2156 2091 1950 2348 1913 1931 2295 1843 2197 2169 2228 2314 2563 2265 2173 2236 2095 1877
2018 1968 1896 2085 2465 2040 1958 2217 2195 2151 2093 2095 2019 2209 2196 2346 1940 2082 2085 2121 2222 2000 2070 2017 2025 2241 2104 2314 2002 2166 1844 1918 1973 2298 2169 2167 2145 1946 2152 2122 2102 2041 1883 1888 2141 2023 2400 2177 1692 1942 2310 1857 2017 1935 2360 1877 2230 2159 1889 2012 1877 2284 1837 2019 1949 2270 2156 1873 1948 2269 2271 2170 2414 1967 2108 2085 1725 2066 1993 2149 2012 1917 2038 2013 1691 2192 1808 2080 2263 1929 2088 2221 2153 2149 2323 1947 2207 2096 2078 1947
1922 1713 1632 1827 1988 1742 1739 1792 1889 1884 1834 1871 1678 1914 2017 2072 1698 1796 1707 1757 1772 1716 1831 1815 1769 1970 1928 1834 1787 1799 1720 1691 1876 1765 1935 1879 1980 1667 1965 1686 1878 1669 1613 1611 1894 1815 2040 1889 1496 1580 1967 1651 1679 1582 2114 1689 2000 1892 1738 1900 1657 1928 1496 1890 1620 1775 1947 1725 1658 1785 1932 1901 2057 1533 2045 1796 1562 1756 1793 1862 1859 1598 1774 1702 1670 1946 1500 1639 1952 1573 1869 1972 1882 1935 2035 1670 1965 1931 1681 1599
2061 1961 1659 2088 2241 2077 1864 2206 1988 1920 2016 2178 1831 2061 2057 2018 1821 1967 1943 1983 2031 1886 1969 2096 2013 1983 1949 2254 2044 2061 1655 1810 1992 2167 2097 1968 1993 1914 2165 2080 2003 1854 1813 1818 2177 1986 2135 2045 1641 1834 2192 1910 1973 1834 2354 1873 2153 2028 1856 1794 1762 2012 1745 1774 1874 2076 1991 1813 1820 2133 2120 2103 2273 1744 2064 1888 1773 1982 1781 2193 1953 1724 1830 1981 1785 2260 1857 1892 2320 1751 2167 2042 2014 2227 2001 2133 2252 1967 1912 1725
2048 2198 1828 2157 2332 2225 1916 2040 2076 2130 2023 2116 1959 2375 2033 2222 2080 2086 2186 1916 1840 2028 2200 2236 2208 2053 2045 2148 2276 2217 1851 2024 2068 2169 2413 2023 2072 1973 2329 2017 2016 2033 1988 2050 2165 2151 2446 2113 1820 1935 2305 1927 2023 1928 2414 1905 2236 2210 1865 2190 1818 2271 1671 2063 1982 2317 2213 2026 2009 2098 2264 2169 2275 1949 2299 2052 1995 2061 1999 2264 2050 1805 1931 2030 1738 2290 1918 2061 2216 1879 2085 2248 2211 2209 2318 2044 2219 2184 1977 2053
2072 2046 1929 1989 2294 2211 1956 2041 2075 2200 2066 2130 1716 2221 2120 2305 1896 2037 2018 1959 1852 1978 2233 2292 1995 2406 2207 2038 2120 2137 1762 1890 2030 2114 2206 2211 2340 1907 2212 2016 2077 1884 1905 1942 2097 2046 2326 2159 1907 1857 2222 1740 1978 1821 2311 2027 2318 2115 1970 2071 1928 2088 1656 2063 1992 2136 2126 1959 1897 2086 2348 2043 2302 1777 1904 2091 1875 1931 1901 2096 2106 1815 1978 1751 1954 2230 1855 1820 2104 1970 2193 2263 2139 2175 2309 2131 2104 2179 1909 1772
2209 2311 2121 2005 2390 2391 2118 2292 2150 2220 2149 2421 2016 2517 2226 2348 2072 2187 2149 2119 2086 2039 2260 2291 2219 2233 2181 2481 2270 2264 1893 1928 2040 2223 2264 2349 2265 2135 2438 2287 2054 2130 2048 2017 2251 2270 2385 2276 1858 2115 2456 2130 2142 2021 2595 2064 2443 2275 2063 2171 1990 2339 1868 2234 1925 2392 2297 2002 2109 2349 2337 2165 2683 1970 2175 2232 1926 2127 2221 2413 2133 2046 2096 2108 1950 2389 1974 2007 2415 2012 2401 2375 2343 2374 2275 2314 2257 2283 2137 1933
1941 1788 1732 1915 2032 1940 1897 1805 2038 1882 1849 1933 1568 1986 1885 2039 1851 1922 1829 1867 1865 1678 1987 1878 1817 1979 1951 1716 1846 1934 1746 1804 1919 1732 2033 1927 1882 1886 2059 1770 1898 1846 1596 1778 1845 1825 2082 2045 1692 1660 1886 1908 1853 1527 2020 1671 1966 1997 1610 1887 1519 1985 1746 1868 1786 1777 1824 1710 1647 1690 2146 1976 2047 1529 1942 1737 1689 1737 1736 1870 1799 1682 1803 1710 1790 1989 1665 1657 2073 1542 1944 1873 1923 2052 2145 2037 1971 2067 1675 1623
2051 2013 1727 2061 2194 2041 1810 2113 2064 1962 1753 2029 1870 2182 2225 2248 2157 2122 1873 1920 1903 1976 2060 2052 2146 2064 2020 2085 2328 1971 1881 1848 1949 2051 2071 1923 2067 1778 2332 1941 1883 1889 1691 1811 1865 2131 2137 1981 1658 1861 2117 1812 1967 1943 2151 1990 2151 2003 1913 1993 1829 2197 1742 1929 1747 2123 2172 1756 1857 1942 2157 2132 2235 1819 2230 2013 1776 1998 1945 2353 2025 1655 1978 2024 1862 2032 1816 1898 2339 1929 2151 2121 2219 2208 2263 1894 2234 1965 2022 1791
2270 2294 2133 2116 2374 2463 2025 2046 2267 2005 2276 2279 2049 2367 2191 2277 2047 2026 2093 2190 2100 2049 2245 2233 2150 2271 2339 2303 2107 2351 1883 1988 2090 2122 2298 2257 2223 2119 2275 2221 2200 1964 1947 2153 2142 2140 2250 2320 1923 2085 2079 2020 2016 1985 2456 2024 2174 2322 1975 2103 1940 2233 1999 2216 2004 2429 2465 1976 1938 2207 2415 2264 2406 2094 2315 2130 1881 1959 2243 2350 2243 1958 2132 2102 1962 2478 1894 2063 2498 1923 2326 2348 2423 2294 2425 2186 2315 2401 2005 1947
2073 2051 1879 1996 2397 2150 1891 2004 2015 1974 2013 2004 1937 2355 2169 2349 1970 2157 2015 2113 1956 1960 2186 2021 2142 2093 2029 2208 2206 2043 1980 1949 2082 1921 2114 2142 2223 2065 2130 1980 1960 1893 1602 1719 1991 2036 2257 2182 1795 1915 2023 1798 2009 1770 2313 1873 2201 2018 2036 1956 1968 2186 1815 2085 1890 2231 2235 2037 1849 1988 2253 2096 2339 1833 2111 2076 1788 2017 2161 2341 2035 1897 2073 1932 1874 2207 1764 1766 2346 1956 2186 2083 2119 2220 2203 2167 2152 1985 1887 1801
2070 1818 1714 2005 2096 1890 1713 1828 2065 1664 1843 2171 1841 2012 2144 1985 1948 1739 1905 1858 1973 1720 1925 1855 1964 1955 1928 2015 2021 2051 1715 1801 1840 1928 2025 1879 1920 1754 1859 1903 1648 1784 1459 1586 1685 1926 2075 1942 1547 1678 2001 1647 1927 1855 2057 1788 1873 2016 1649 1898 1752 1965 1851 1772 1750 2067 1928 1808 1871 1772 2095 2023 2182 1686 1993 1939 1578 1719 1780 1942 1763 1624 1764 1899 1682 2086 1579 1761 2191 1919 2002 1947 2166 2102 2131 2005 2057 1767 1744 1782
2162 2270 2021 2306 2562 2247 2033 2224 2057 2184 2142 2215 2025 2501 2259 2347 2055 2147 2244 2426 2153 2170 2265 2135 2269 2249 2171 2214 2258 2391 1864 2052 2171 2272 2242 2088 2275 2191 2414 2096 2258 2040 1799 1951 2201 2297 2445 2320 1899 2045 2290 2076 2145 2001 2488 2109 2376 2363 2131 2152 1905 2378 1989 2099 2040 2462 2378 2076 1986 2112 2411 2332 2412 1905 2282 2329 1958 2210 1992 2430 2317 1985 2029 2063 1810 2294 2019 1970 2547 2109 2383 2339 2359 2457 2434 2176 2418 2093 2198 2038
2031 1963 1841 2046 1988 2010 1782 1935 2026 1954 1979 1898 1801 2144 2077 2330 1846 1986 1835 1843 1877 1793 2147 1918 1932 2082 1815 2100 1916 1999 1676 1757 2040 2022 2024 1947 2028 1786 1983 1703 1859 2008 1708 1813 2046 1998 2192 2061 1586 1793 2069 1698 1792 1729 2146 1834 2142 2045 1788 1925 1761 2122 1612 1990 1713 2235 2161 1593 1908 2078 2003 2003 2161 1887 1916 1869 1729 1637 1831 1933 1874 1694 2006 1760 1777 2152 1535 1864 2081 1899 2097 2153 2037 1988 2124 1864 2037 2009 1930 1658
2105 2070 1999 2114 2151 2110 2045 2017 2128 2261 2040 2122 1883 2355 2082 2117 1970 2065 2056 2072 2004 1951 2195 2146 2007 2230 2139 2081 2028 2167 1930 1844 2018 2151 2195 2126 2168 2117 2267 1851 1835 2003 1699 2065 1972 2009 2362 2210 1775 2004 2280 1780 2057 1894 2225 1844 2071 2144 2005 2048 1916 2184 1626 1978 1927 2130 2190 2010 1945 1996 2275 1979 2268 1899 2135 2081 1851 1981 1955 2218 2074 1792 2017 1973 1857 2251 1769 1865 2213 1981 2212 2204 2206 2165 2356 2135 2171 2179 1930 1973
1765 1853 1790 1861 2012 2206 1777 1993 1820 2130 2038 1968 1721 2140 1935 2099 1875 1956 1881 1785 1938 1887 1989 1978 1916 2073 1912 2095 1979 1983 1843 1753 1943 1927 1943 1992 1979 1762 2055 1919 2026 1999 1747 1854 1887 2013 2288 2116 1567 1723 2034 1857 1776 1596 2116 1618 2157 1923 1816 1956 1842 2100 1793 1841 1772 2117 2209 1793 1781 2072 2223 2077 2300 1690 1852 1892 1738 1798 1937 2088 1989 1692 1855 1803 1717 2031 1731 1793 2004 1803 1969 2064 2049 2023 2020 1919 2064 2156 1896 1575
2094 2182 1797 1915 2296 2093 1973 2097 2003 2083 2071 2025 1888 2205 2105 2191 1907 1987 2164 2084 1879 1780 2027 1943 2058 1990 1935 2116 2064 2015 1846 1672 2089 2102 2067 1951 2145 1959 2159 1995 1894 1907 1754 1810 1853 2047 2406 1964 1731 1848 2211 1970 1988 1783 2326 1837 2207 2139 1967 2046 1839 2153 1661 1978 1773 2251 2149 1993 1751 2029 2221 2109 2289 1700 1947 2113 1879 2000 2015 1968 1879 1884 1925 1817 1743 2021 1620 1869 2230 2038 2001 2034 2047 2105 2157 1980 2104 1927 2045 1773
2165 2081 1822 2029 2075 2031 1960 2048 2034 2042 1973 2224 1969 2319 2190 2333 2075 1971 2146 1875 1822 1921 2318 2150 2089 2031 1990 2044 1984 2084 1846 1784 1947 2231 2115 2078 2065 1918 2209 1996 1968 1871 1846 1756 1948 1966 2493 1988 1819 1875 2185 2077 2142 1811 2336 1979 2074 1989 1990 2156 1838 2128 1663 2097 1835 2269 2211 2011 2072 2263 2167 2136 2269 1741 2005 2033 1728 1819 1949 2201 2014 1703 1998 1920 2010 2205 1790 1855 2313 1941 2096 2208 2155 2161 2085 2114 2043 2112 2023 1726
2040 2209 1910 2203 2136 2141 1996 2127 1982 2006 2018 2123 1880 2335 2126 2153 1769 2011 2057 1992 2103 1973 2166 1992 1962 1972 2106 2155 2064 2006 1862 1887 2181 2018 1964 2139 2213 2045 2020 2095 2034 1926 1720 1889 1972 2039 2270 2097 1626 1942 2154 1742 1796 1960 2223 1893 2251 1965 1845 2048 1849 2079 1864 1967 1712 2204 2174 1892 1979 2203 2096 2196 2402 1802 2006 1980 1931 2047 1994 2090 1907 1775 1843 1741 1862 2042 1525 1792 2173 1889 2155 2051 2347 2114 2271 2021 2203 1971 1889 1785
2154 1941 1789 2014 2227 2145 1981 1991 1946 2083 1902 2148 1715 2071 2125 2207 2141 2033 2112 1951 1789 1837 2110 2116 2086 2094 2074 2196 2055 2027 1793 1664 1865 2191 2166 2046 2096 2014 2175 1997 1957 1925 1631 1766 1975 2002 2219 1898 1780 1927 2033 1873 1862 1881 2245 1810 2236 2079 1709 2169 1769 2058 1910 2036 1801 2123 2166 1885 1754 2212 2353 1898 2309 1910 2068 2082 1782 1832 2013 2049 2045 1661 2013 1690 1889 2220 1800 1811 2321 1810 1885 2060 2169 2126 2317 1918 2143 2198 1915 1772
2129 2223 1971 2280 2244 2305 2203 2250 2057 2278 2166 2297 2070 2397 2236 2365 2102 2220 2074 2027 2111 2155 2383 2280 2193 2423 2223 2191 2193 2205 2136 2070 2203 2197 2294 2207 2237 2145 2492 2121 2236 2100 1979 2054 2212 2238 2464 2262 1807 2050 2502 2133 2164 1844 2357 1990 2426 2360 1998 2162 2002 2350 1910 2073 1980 2341 2461 2071 1913 2259 2488 2325 2527 1866 2229 2147 1873 2164 2186 2354 2140 1865 2002 2178 2040 2186 1958 2095 2451 1973 2463 2261 2385 2240 2269 2234 2414 2253 2183 1961
2215 2192 2083 2274 2403 2314 2269 2247 2050 2262 2090 2423 1976 2460 2281 2321 2039 2063 2174 2010 2121 1939 2430 2292 2016 2273 2246 2315 2235 2310 1926 2083 2197 2216 2246 2281 2258 2060 2310 2122 2121 2204 1932 1836 2256 2226 2575 2169 1744 1840 2425 2067 2047 1958 2457 2101 2320 2370 1888 2296 1994 2377 1966 2145 1940 2323 2427 2122 2087 2340 2233 2316 2579 2051 2209 2209 1929 1867 2141 2212 2192 1897 2009 1977 2053 2440 1781 2046 2402 1985 2351 2469 2253 2289 2498 2162 2330 2135 2089 2082
2195 2147 1849 2306 2445 2234 1973 2247 2180 2258 2147 2306 2030 2361 2295 2438 2043 2150 2045 2170 2194 2238 2126 2264 2229 2246 2313 2302 2224 2223 1974 2167 2229 2242 2327 2221 2283 2081 2315 2130 2129 2128 1772 2116 2175 2101 2505 2213 1841 1890 2213 2003 2090 1979 2474 2137 2434 2252 1959 1996 1984 2451 2080 2164 2051 2426 2152 2053 1952 2272 2493 2162 2516 1966 2210 2125 1931 2142 2079 2322 2310 1904 2138 2099 1929 2351 2021 2056 2504 2039 2285 2192 2300 2365 2385 2083 2148 2217 2131 1939
2381 2173 2027 2391 2485 2234 2235 2288 2285 2288 2128 2399 2078 2493 2385 2340 2243 2262 2165 2218 2165 2155 2357 2520 2358 2321 2251 2379 2352 2437 2069 2097 2329 2436 2473 2196 2380 2240 2504 2400 2165 2063 2073 2030 2349 2255 2496 2316 1972 2017 2287 2147 2261 2012 2664 2094 2453 2370 2251 2269 1943 2247 2091 2198 2228 2359 2333 2102 2052 2260 2480 2264 2651 1931 2318 2183 2118 2251 2147 2426 2369 2176 2098 2212 1948 2446 2073 2241 2546 1862 2396 2354 2383 2570 2580 2242 2413 2289 2202 2068
1960 1902 1810 1970 2254 2115 1871 2081 1993 1897 1974 2134 1747 2202 1922 2075 1833 1948 1826 1892 1928 1796 1907 1958 1932 2020 2040 2173 1982 2081 1643 1757 1818 1957 1962 2011 1954 1896 2015 1949 1845 1856 1836 1777 1969 2001 2149 2118 1513 1725 2048 1830 1860 1854 2186 1632 1995 2072 1760 1927 1842 1931 1676 2016 1790 2095 2160 1909 1805 2151 2108 1981 2395 1831 2028 1786 1713 1780 1877 2110 1955 1684 2000 1968 1715 2056 1774 1758 2108 1709 2153 1959 1972 2048 2115 1895 2038 2009 1816 1700
1802 1779 1534 1990 2023 1804 1690 1991 1831 1800 1744 1897 1734 1774 1876 2082 1762 1770 1739 1792 1929 1705 1889 1737 1896 1798 1835 1894 1819 1873 1671 1691 1785 1842 1839 1882 1825 1652 2020 1735 1774 1816 1562 1627 1869 1965 2060 1897 1612 1623 1950 1650 1804 1678 2056 1821 1825 1758 1605 1702 1697 1971 1693 1653 1617 1859 1879 1548 1863 1864 1942 1995 2056 1525 1741 1748 1605 1816 1744 1944 1780 1485 1742 1723 1579 1908 1581 1807 2035 1756 1986 1842 1914 1785 2109 1862 1986 1769 1792 1529
2129 2290 1990 2197 2375 2228 2144 2200 2204 2303 1943 2253 2037 2423 2231 2337 2148 2126 2170 2107 2138 2014 2162 2191 2130 2186 2139 2387 2044 2204 2021 2065 2098 2040 2370 2112 2204 1944 2391 1992 2093 2221 1959 1950 2122 2191 2379 2100 1772 1932 2388 2118 2106 1991 2438 1920 2336 2409 1943 2283 1960 2343 1916 1994 1804 2230 2311 2160 1940 2103 2433 2364 2487 1945 2295 2168 2028 2016 2144 2274 2152 1860 2060 2242 1921 2285 1818 1937 2332 1922 2267 2196 2278 2286 2402 2246 2328 2280 2018 1927
2124 2216 1935 2211 2440 2196 1973 2226 2105 2267 1974 2125 1909 2474 2408 2457 2057 2244 2237 2145 2095 2096 2244 2167 2052 2296 2068 2457 2194 2202 1942 2107 2122 2352 2405 2275 2396 2006 2286 2134 2233 2079 2017 1907 2209 2136 2523 2185 1893 2092 2337 2064 2166 1885 2734 2090 2513 2122 1921 2059 1825 2132 1992 1957 2092 2285 2240 1939 1960 2213 2326 2183 2503 2123 2277 2182 2004 2127 2016 2435 2172 1990 2044 2161 1995 2269 1913 2184 2423 1884 2093 2316 2257 2448 2480 2212 2208 2076 2191 1941
2306 2258 2033 2209 2405 2234 2158 2254 2162 2213 2236 2342 2134 2399 2456 2413 2277 2094 2110 2153 2154 2170 2247 2338 2236 2234 2311 2408 2145 2346 1990 2046 1959 2362 2393 2353 2375 2021 2356 2230 2108 2071 1865 2130 2081 2436 2454 2374 1965 2146 2466 2007 2202 2144 2596 1978 2338 2374 2105 2232 2041 2330 1990 2172 2137 2397 2452 2026 1942 2282 2500 2311 2685 2063 2413 2095 1826 2096 2117 2466 2265 2005 2039 2262 2023 2376 1873 2159 2432 1977 2335 2308 2487 2412 2470 2168 2338 2355 2205 1976
2313 2172 1944 2190 2434 2144 1975 2175 2056 2058 2148 2300 2004 2239 2350 2352 2086 2128 2117 2126 2030 1933 2154 2112 2119 2130 2126 2231 2250 2191 1967 1820 2206 2175 2330 2090 2218 2172 2340 2020 2024 2009 1813 1975 2066 2184 2517 2203 1916 2019 2274 2076 2124 1911 2434 2046 2302 2271 2116 2020 1980 2380 1879 2069 2052 2274 2279 1876 2064 2005 2312 2084 2310 2056 2339 2200 1826 2184 2096 2212 1981 1917 2084 2134 1849 2246 1729 2024 2483 2032 2257 2453 2279 2325 2482 2201 2376 2062 2147 2063
2038 1974 1762 2038 2283 2153 1838 2032 1995 1986 1859 1969 1862 2253 1986 2236 1926 2051 1882 1879 1872 1785 2075 1932 2124 2017 2054 2116 1989 2235 1762 1818 2025 2094 1946 1981 1986 1906 2176 1840 1931 1885 1644 1740 2121 1994 2265 1998 1680 1748 2075 1799 1748 1879 2363 1871 2133 2040 1938 1932 1764 1980 1609 1863 1812 2081 2044 2005 1885 2088 2170 2099 2089 1764 2119 1854 1796 1931 1703 2167 2082 1833 1904 2088 1677 2133 1802 1791 2239 1750 2148 2096 2010 2177 2155 1984 2021 2038 1852 1738
2152 1937 1886 2231 2042 2213 2099 2194 1993 2265 1887 2189 1875 2409 2078 2156 2049 2006 1880 2071 2093 1920 2097 2152 2054 2082 1943 2159 1951 2193 1882 1969 2029 2005 2127 2104 2135 2045 2352 2101 1937 2029 1699 2004 2101 1996 2213 2129 1684 1959 2229 1934 1980 1927 2364 2035 2212 2026 1939 1903 1976 1944 1922 1720 1887 2129 2071 1924 2034 2142 2256 2160 2355 1668 2106 1883 1899 1966 2046 2174 2024 1832 1895 1957 1953 2243 1815 1925 2270 1775 2180 2033 2157 2139 2418 2252 2148 1993 1830 1748
2093 2208 1949 2178 2256 2083 1926 2122 2076 2172 1976 2167 1934 2347 2142 2262 1930 2011 2185 2252 1983 2071 2110 2044 2002 2098 1953 2127 2123 2057 1984 1889 2103 2113 2299 2006 2237 2131 2308 1991 1963 1997 1843 1932 2107 1964 2275 2133 1798 1974 2232 1912 1958 1750 2239 1871 2199 2248 1785 2313 1809 2217 1868 1951 1908 2266 2141 1939 1949 2008 2215 2261 2366 1851 2172 2119 1828 1992 2034 2116 1917 1769 1901 1832 1936 1997 1681 1786 2211 1885 2207 2053 2318 2092 2349 2093 2294 2251 1948 1888
1794 1914 1594 1887 2177 1953 1864 2145 1895 2100 1795 1880 1763 2088 2042 2086 1767 1945 1903 1995 1663 1849 1979 1987 1953 1930 1901 2026 2050 2051 1921 1813 2076 1946 2097 1857 1991 1962 2225 1849 1751 1950 1824 1859 1958 1907 2168 1903 1624 1884 2042 1745 1862 1760 2285 1680 2092 1894 1909 1861 1993 1870 1681 1750 1884 2077 1922 1864 1782 2121 2051 1875 2199 1812 1914 1898 1792 1932 1882 2096 1939 1678 1742 1887 1675 1965 1641 1913 2062 1768 1985 2076 1895 1951 2070 1997 2030 1924 1924 1700
2255 2177 1927 2213 2378 2099 2225 2264 2182 2142 2184 2320 2180 2351 2163 2365 2238 2202 2354 2134 2179 2121 2275 2329 2207 2250 2206 2272 2389 2328 1922 1945 2302 2366 2427 2267 2287 2004 2190 2095 2077 2191 1904 1900 2211 2430 2585 2269 1970 2064 2346 1979 2201 1953 2376 2094 2462 2312 1983 2245 1991 2359 2092 2171 2055 2367 2471 2113 2106 2304 2531 2340 2665 1976 2132 2058 2000 2026 2181 2213 2095 1827 2174 2029 1984 2371 1874 2027 2415 2163 2270 2303 2209 2307 2393 2232 2373 2177 2166 2063
1850 1901 1659 2043 1944 2033 1792 2046 1803 2076 1782 2007 1679 2259 1910 2132 1856 1929 1976 1872 1789 1825 2052 1862 1967 1896 1927 1983 1758 1918 1736 1760 1926 2055 1949 1912 1898 1889 1975 1821 1914 1951 1607 1764 2035 1788 2194 1913 1630 1845 1988 1860 1934 1589 2181 1799 2134 1825 1746 1956 1733 2004 1646 1817 1722 2087 2029 1799 1900 2054 2107 1969 2106 1720 1775 1968 1873 1752 1749 2169 1911 1587 1774 1878 1692 2065 1760 1750 2095 1815 1866 2034 2066 2103 1911 1973 1938 1883 1804 1667
2155 2180 1911 2266 2324 2306 2026 2231 2146 2245 2090 2267 1973 2299 2259 2300 1962 2088 2159 2169 1981 2013 2241 2300 2117 2179 2232 2229 2161 2300 1821 1959 2157 2284 2241 2256 2295 2115 2270 2193 2158 2019 1727 1974 2246 2108 2466 2235 1786 1903 2334 2055 2115 2017 2446 2060 2323 2229 1956 2127 2001 2291 1803 2063 2048 2375 2320 1994 2037 2332 2246 2067 2401 1901 2172 2182 1907 2016 2081 2275 2257 1909 1950 1881 1968 2410 1904 2022 2400 2067 2305 2341 2300 2299 2324 2125 2250 2252 2030 1857
2140 2187 1927 2123 2176 2292 1960 2262 2100 2071 1940 2089 1830 2401 2092 2217 1880 2003 2015 1973 1815 1903 2192 1996 2200 2155 2053 2192 2234 2070 1758 1772 2183 2059 2098 2029 2022 2009 2249 1889 1825 2049 1720 1804 1960 2144 2126 2117 1711 2052 2128 1833 1819 1980 2126 1905 2113 2003 2072 2051 1923 2021 1800 1962 1870 2282 2311 1787 2086 2251 2180 2075 2475 1873 2027 2038 1880 1862 1979 2279 2095 1800 1885 2012 1882 2160 1665 1858 2322 1902 2188 2291 2300 2068 2209 2016 2170 2084 2033 1797
2078 2211 1941 2134 2186 2199 1996 2182 2198 2001 1941 2105 1926 2271 2103 2286 1909 2006 2042 1972 2002 1938 2161 2176 2187 2173 2016 2197 2147 2135 1938 1838 2119 2048 2184 2029 2084 2042 2204 2106 2054 2024 1740 1938 2125 1929 2283 2118 1816 1949 2161 1913 1983 1978 2328 1924 2249 2054 2064 2130 1870 2335 1931 1992 1782 2182 2269 1862 2015 1944 2253 2233 2417 1798 2018 2206 1860 2054 2154 2182 2095 1810 1870 1853 1995 2274 1867 1778 2281 1831 2244 2260 2344 2167 2311 2226 2247 2164 1934 1879
1972 2044 1765 2106 2274 1998 1809 2086 1997 2038 2026 2218 1881 2184 2129 1975 2017 2100 2022 1923 2168 1843 1922 2076 2053 1948 1996 2293 2074 2054 1822 1793 1775 1979 2234 2072 1993 1829 2108 2043 1920 2053 1814 1869 1939 2099 2359 2090 1786 1836 2294 2060 2092 1721 2341 1888 2207 2087 1710 1989 1821 2363 1808 2025 1888 2151 2129 1877 1936 2103 2094 2012 2412 1806 2181 2032 1750 1977 1980 2266 1894 1715 1939 1996 1864 2311 1777 1864 2238 1910 2033 2092 2117 2274 2017 2194 2119 1974 2032 1802
2097 2071 1970 2052 2298 2316 1897 2101 2233 2136 2203 2053 2045 2281 2067 2216 2079 2205 1945 2060 2057 1900 2201 2225 2117 2120 2144 2228 2201 2342 2055 2009 1996 2221 2128 2159 2128 2098 2258 2208 2010 2058 1826 2049 2100 2199 2330 2375 1858 2007 2359 1923 2112 2088 2364 2040 2190 2125 1973 2057 1847 2213 1727 2008 1906 2197 2283 2025 1962 2140 2299 2244 2380 1941 2231 2013 1862 2059 2122 2254 2182 1893 2001 1956 1863 2214 1861 2061 2428 2030 2316 2136 2189 2231 2288 2143 2246 2237 1887 2009
2187 2205 2011 2002 2368 2056 2045 2084 2218 2089 2036 2234 2017 2249 2264 2234 1997 2068 2154 1929 1994 1700 2111 2132 2045 2116 2207 2164 2184 2214 1771 1909 2078 2183 2071 2185 2260 1878 2184 2144 1945 2017 1906 1862 1938 2080 2329 2071 1799 1800 2258 1934 2062 1978 2303 1960 2141 2118 2095 2107 1837 2305 1757 2162 1951 2194 2217 1832 2048 2154 2233 2132 2433 1939 2108 2140 1895 2087 2116 2006 2050 1893 1875 1925 1888 2199 1779 1939 2340 1937 2174 2256 2201 2194 2223 2006 2225 2115 2063 1939
1833 1778 1655 1835 1970 1901 1709 1783 1798 1935 1580 1995 1640 2104 1908 2093 1902 1841 1877 1739 1734 1776 1956 1912 1794 1884 1724 2003 1812 1943 1735 1701 1611 1834 1996 1942 1866 1781 2093 1781 1851 1803 1569 1687 1820 1891 2019 1926 1625 1762 1911 1782 1691 1623 2098 1711 1985 1879 1728 1893 1664 1896 1633 1821 1817 1911 1819 1700 1630 1873 2059 1831 1972 1692 2034 1870 1714 1812 1729 2103 1862 1641 1831 1961 1644 1940 1768 1753 2075 1597 2067 1951 1943 2036 1976 1986 1914 1840 1665 1572
2236 2267 1971 2201 2374 2178 2130 2206 2257 2261 2096 2178 1906 2536 2305 2381 2173 2189 2127 2127 2017 2046 2352 2233 2097 2279 2152 2248 2229 2272 1933 1994 2256 2265 2159 2193 2411 2049 2397 2111 2040 2103 1920 2053 2237 2225 2360 2266 1876 2101 2223 1940 2176 2081 2421 2121 2221 2447 2357 2191 2071 2390 1855 2217 2028 2344 2362 1929 2133 2166 2367 2035 2553 2007 2131 2155 2051 2081 2081 2310 2294 2120 2238 2101 1967 2291 1833 2091 2583 2052 2422 2329 2342 2218 2342 2068 2417 2295 2099 1931
