1928 2001 1805 1971 1829 1862 1904 1834 1718 1723 1893 1934 1808 2000 1760 1674 1957 1945 2012 1825 2036 2057 1907 1906 1651 1614 1690 1762 1804 2022 2057 1924 1858 2037 1778 1827 2011 1931 1898 1794 1843 1781 1859 1730 1772 1903 1792 1673 1583 1673 1768 2063 1898 2076 1613 1904 1719 1900 1977 1903 1845 1847 2189 1806 2110 1647 1813 1756 2075 1938 2216 1930 1979 1868 1930 1858 1876 1848 1766 2111 1953 1957 1804 1896 2179 1898 1887 1841 1688 1611 1685 1928 1900 2032 2087 1866 1814 1944 1902 1881
1830 1810 1742 1689 1764 1732 1640 1764 1586 1656 1720 1746 1631 1734 1798 1515 1916 1969 1928 1695 1808 1932 1737 1649 1506 1501 1557 1638 1847 1781 1978 1789 1628 1826 1729 1651 1849 1542 1529 1781 1738 1622 1636 1573 1675 1678 1679 1495 1714 1484 1547 1794 1679 1912 1724 1732 1583 1549 1840 1695 1516 1504 1943 1651 1937 1606 1474 1830 1792 1606 1973 1738 1827 1670 1782 1663 1629 1578 1618 1658 1739 1761 1664 1590 2039 1723 1843 1703 1662 1701 1654 1595 1559 1790 1849 1681 1608 1810 1722 1647
2144 1936 1819 1997 2062 1968 2003 2070 1784 1802 2022 1770 1882 2004 1939 1872 2088 2079 2033 2004 2090 2040 1924 1948 1823 1676 1788 1712 1978 2048 2240 2085 1833 2041 1820 2032 2127 1783 1902 2104 1874 1630 2147 1940 2036 1733 1903 1781 1966 1638 1827 1915 1963 2152 1960 2029 1907 1875 2163 1993 1829 1913 1968 2015 2202 1755 1729 2002 2047 2006 2282 1959 2114 2028 1955 1922 1817 1906 1873 2097 1925 2041 1958 1957 2173 2048 2017 2033 1812 2052 1872 1911 1952 2080 1939 1928 1700 2123 1944 1762
2129 2026 1973 2118 2072 2177 2067 2006 1947 1857 1995 2080 1836 2163 1872 1939 2270 2050 2238 1784 2108 2152 1805 1873 1751 1784 1948 1767 1822 2162 2176 2128 1968 1930 1999 2071 2177 1955 2096 2194 1963 1787 2017 1910 2190 1965 1838 1837 1905 1798 1834 2026 2037 2465 1858 2081 1892 1988 2092 1968 1863 1837 2278 1864 2214 1733 1689 2003 2088 2061 2288 2159 2221 2108 2135 1914 2038 2099 2010 2268 2117 2287 2031 1989 2031 1932 2044 1964 1903 1910 2027 2137 1917 2302 2164 1880 1727 1955 2049 1930
2117 2006 2051 2168 1897 2047 2064 2094 1880 1903 2070 2147 1895 2236 1941 1911 2279 2100 2215 2056 2201 2064 1791 1961 1828 1735 1781 1921 1982 2274 2261 2174 2084 2246 1916 2083 2170 2062 1934 2074 2197 1824 2126 2042 2000 2006 1949 1811 2010 1957 1850 2023 2054 2239 1891 2106 1884 2110 2205 2047 1878 1966 2207 1948 2031 1973 1706 2006 2187 2061 2345 2093 2175 2237 1901 2059 1889 1988 2000 2324 2210 2165 2178 2045 2123 2046 2130 2132 1879 1965 2056 2144 2029 2209 2059 2111 1927 2206 2059 2047
2208 2142 2130 2219 2061 2088 1852 2143 1879 1967 2337 2259 1945 2224 2083 1914 2261 2325 2436 2084 2242 2217 2119 2019 1834 1850 1894 1837 2205 2282 2366 2307 2089 2215 2069 1968 2237 2148 2110 2208 2146 1725 2261 2049 2013 2032 2077 1988 2099 1835 1882 2083 2096 2217 1834 2198 1984 2121 2393 2019 2006 1992 2178 2085 2205 2053 1920 2196 2193 2066 2441 2213 2319 2088 2251 2177 1935 1893 2167 2357 2187 2185 1937 2398 2304 2046 2113 2086 1990 1951 1983 2046 2163 2225 2205 2121 1796 2302 1949 2091
2493 2041 2149 2179 2267 2309 2245 2214 2043 2129 2226 2076 2009 2418 2111 2087 2418 2435 2360 2193 2253 2193 2215 2257 1945 2044 1959 2114 2188 2316 2490 2170 2268 2242 1998 2310 2336 2126 2134 2243 2157 1888 2362 2243 2186 2120 2066 2107 2237 2062 1991 2259 2212 2607 2299 2298 2042 2214 2290 2145 2055 2046 2402 2077 2408 1879 1895 2126 2190 2302 2514 2484 2366 2129 2330 2137 2225 2053 2009 2480 2149 2303 2128 2114 2379 2150 2327 2366 2094 2174 2232 2307 2132 2447 2283 2197 1935 2313 2258 2047
2320 2168 2256 2286 2325 2137 2155 2205 2099 1920 2133 2239 1993 2179 2179 2040 2285 2307 2387 2314 2253 2305 2087 2162 1934 2106 1999 1762 2275 2287 2415 2239 2038 2277 2041 2193 2301 2118 2043 2198 2232 1867 2199 2054 2077 2191 2236 2145 2202 1946 2128 2210 2233 2407 2123 2235 2091 2209 2139 2144 1967 1968 2377 2037 2325 2046 1977 2152 2241 2292 2624 2348 2444 2397 2263 2124 2100 2058 2035 2294 2042 2189 2273 2066 2370 2146 2246 2080 1970 2088 2165 2193 2183 2365 2122 2104 1903 2317 2126 1980
1941 1729 1817 1837 1892 1704 1789 1703 1674 1705 1719 1738 1635 1882 1451 1702 1740 1830 2096 1679 1984 1979 1681 1849 1500 1729 1592 1583 1685 1859 1913 1842 1656 1782 1661 1884 1709 1607 1673 1794 1668 1504 1803 1759 1728 1877 1619 1613 1808 1744 1526 1642 1757 1853 1639 1655 1580 1690 1974 1675 1544 1797 1928 1613 1889 1659 1612 1635 1866 1860 1890 1870 1936 1992 1995 1751 1823 1739 1630 1874 1769 1704 1728 1880 2040 1781 1900 1759 1699 1603 1674 1652 1682 1914 1810 1658 1674 1798 1618 1827
1989 1850 1931 1930 2091 2081 1845 1896 1834 1703 2030 1995 1750 1956 1785 1796 2049 2183 2039 1930 1875 1822 1919 1739 1752 1695 1779 1699 1894 1974 1988 2048 1932 2005 1966 1930 1990 1813 1853 2001 1887 1867 2017 1737 1885 1942 1922 1722 1853 1890 1764 2032 2078 2109 1876 1864 1921 2039 1890 1887 1753 1945 2076 1872 1919 1865 1675 1810 1987 1931 2187 1970 2022 2017 1979 1899 1816 1868 1764 2107 2063 2166 2040 1934 2114 1812 1941 1844 1722 1615 1917 2008 1950 2117 2009 2056 1607 2068 1935 1825
2082 2030 1956 2089 2117 1972 2092 1957 1799 1710 2076 1789 1921 2198 1860 1980 2132 2364 2171 2001 2108 2250 1908 2023 1787 1842 1868 1863 2058 2160 2219 2211 2010 2044 1921 2106 2083 1824 2043 1934 1876 1829 1969 1942 2004 2105 1800 2062 1941 1775 1702 2062 2156 2280 1920 2040 1939 2094 2181 1954 1979 1887 2143 1970 2118 1818 1739 2094 2074 2033 2392 2150 2089 2222 2120 1825 2006 1927 1859 2186 2132 2265 2055 2021 2190 2005 2012 2059 1911 1971 1798 2155 2163 2292 2062 1960 1738 2002 2025 2080
1987 1971 1830 1946 2070 2046 1897 2040 1775 1837 2229 1961 1889 2146 1720 1850 2138 2253 2248 1957 1956 2052 1786 2072 1671 1844 1748 1735 1961 2184 2142 2073 1909 1963 1865 1950 1969 1787 1980 1924 1852 1602 2034 1708 1792 1891 1796 1875 1848 1650 1655 2013 1847 2139 1704 1994 1821 2042 1966 2009 1805 1784 2183 1901 2265 1742 1689 1897 1931 2023 2345 1986 1983 2069 2002 1901 1938 1777 1856 2064 1932 2166 1994 2000 2119 2034 2122 1954 1862 1949 1816 1977 1957 2063 1975 1872 1802 2143 1930 2000
2193 2271 2051 2277 2007 2009 2172 2148 1933 1841 2168 2094 1931 2157 2213 1936 2250 2286 2277 2024 2203 2103 1986 2105 1976 2005 1676 1952 2215 2115 2263 2166 2152 2090 2132 2198 2349 2092 2011 2036 2143 1838 2017 2058 2084 1941 2247 1979 2018 1772 1998 2056 2117 2337 2121 2110 2012 2111 2183 2062 1992 1953 2291 1948 2386 1901 2002 2182 2196 2230 2557 2292 2316 2208 2008 2180 2128 1943 2104 2393 2248 2129 2193 2098 2422 2080 2196 2220 1891 2065 2172 2060 2200 2223 2030 2084 1779 2169 1965 1976
2028 2108 1880 2107 2075 1863 1932 2095 1748 1683 2112 1846 1875 2068 1829 1780 2153 2021 2124 2022 1995 2008 1774 1900 1715 1925 1707 1787 2025 2101 2189 2131 1860 2161 1769 2000 2095 1900 1853 1759 1982 1766 1983 1825 1883 2027 1923 1910 1879 1839 1719 2022 2059 2111 1926 2007 1863 2164 2047 1970 1877 1885 2109 1923 2112 1758 1925 1870 2004 1972 2358 1950 2036 2096 1898 1888 1987 1879 1834 2014 1914 1940 1929 1960 2150 2046 1763 2061 1934 1924 1896 1837 2056 2008 1901 1953 1637 2068 1902 1992
2161 1802 1904 1966 1920 1968 1834 1867 1734 1700 2011 1842 1687 1884 1780 1718 1981 2105 1902 1784 1930 1813 1651 1936 1758 1663 1494 1798 1806 1879 2149 1846 1726 1965 1844 2027 1955 1821 1877 1881 1605 1661 2087 1841 1971 1961 1710 1683 1874 1737 1700 1938 1851 2132 1723 1722 1697 1892 1933 1782 1756 1974 1999 1774 1979 1682 1647 1749 1692 1936 2147 1889 1890 1907 1839 1844 1825 1932 1661 2034 1809 2034 1786 1866 2028 1740 1829 1936 1691 1696 1705 1877 1774 2159 1966 1824 1654 1912 1775 1818
2387 2126 2159 2184 2130 2323 2194 2248 2111 2019 2271 2152 2077 2173 2033 2108 2352 2484 2404 2294 2267 2366 2280 2082 2027 2057 1864 2208 2228 2290 2490 2344 2247 2206 2062 2379 2423 2070 2043 2309 2243 1968 2344 2007 2125 2123 2068 2033 2203 1977 1875 2285 2168 2448 2025 2257 2061 2068 2345 2235 2077 2064 2377 2141 2408 2014 1843 2241 2407 2295 2500 2325 2283 2308 2187 2153 2185 2126 2075 2449 2230 2414 2038 2284 2521 2251 2270 2106 1995 2091 2166 2285 2093 2163 2265 2276 2077 2390 2163 2161
2194 1969 1855 1919 2122 1919 2022 2010 1732 1771 1868 1798 1754 2063 1877 1776 2025 2038 2161 1784 2032 2002 1901 1935 1716 1880 1720 1820 1778 1958 2101 1952 1785 1961 1860 2007 1860 1840 1714 1833 1849 1718 1824 1928 2010 1969 1856 1772 1953 1721 1607 1776 1940 2197 1850 1885 1791 1990 1893 1976 1852 1876 2008 1753 2021 1754 1626 1957 1922 2036 2259 2035 1975 1889 1985 1922 1855 1797 1881 2163 1907 2026 1927 1838 2216 1873 2100 1839 1766 1808 1757 1895 1914 2165 1875 1929 1660 2006 1993 1970
2246 2378 2036 2196 2325 2127 2314 2228 2186 1987 2292 2023 2055 2194 2126 2010 2191 2352 2328 2303 2246 2180 2103 2212 1884 1937 1886 1878 2240 2227 2481 2283 2195 2243 2032 2162 2315 2118 2228 2152 2038 1872 2224 2119 2074 2228 2140 2181 2057 2032 2098 2195 1994 2383 2098 2223 2013 2269 2372 1999 2166 2149 2384 2190 2423 1969 1915 2099 2346 2274 2448 2390 2352 2389 2289 2123 2102 2228 2099 2336 2151 2187 2297 2182 2145 2087 2307 2166 1991 1986 2082 2217 2265 2492 2239 2141 2006 2282 2142 2155
1753 1852 1798 1864 1784 1834 1754 1965 1849 1788 1913 1824 1787 2006 1836 1487 1929 1929 2115 1811 1899 1888 1713 1865 1603 1644 1609 1599 1894 1940 1977 1925 1883 1978 1809 1749 1951 1821 1833 1822 1835 1618 1770 1807 1729 1725 1709 1776 1696 1560 1537 1908 1667 2070 1771 1878 1657 1866 1893 1793 1629 1651 1918 1697 2043 1827 1499 1734 1873 1875 1981 2006 1936 2002 1747 1800 1850 1635 1718 1792 1956 1893 1868 1697 1902 1686 1931 1776 1617 1801 1838 1773 1826 1989 1738 1689 1600 1992 1921 1749
2000 1860 1953 1881 1928 1880 1982 1935 1842 1674 1937 2030 1729 2035 1870 1852 2149 2087 2048 1942 1974 2030 1734 1983 1675 1818 1651 1916 1918 1934 2107 2051 2040 2032 1808 1724 1906 1879 1914 1968 1776 1714 1888 1818 1782 1899 1790 1786 1943 1626 1500 1952 1835 2126 1691 1771 1729 1828 2126 1753 1569 1622 1911 1827 2174 1672 1615 1802 1956 1909 2157 1859 2069 1927 1880 1873 1909 1828 1655 2065 2096 1984 1820 1914 2110 1876 2024 1846 1788 1752 1714 1917 1898 1839 1804 1829 1783 2100 1885 1702
2227 2086 2193 2220 2094 2241 2167 2083 1962 1875 2131 2209 2051 2436 2132 1959 2263 2281 2197 1989 2324 2258 2119 1966 1857 1961 1889 1864 2044 2277 2130 2227 2051 2280 2030 2113 2198 2138 2134 2182 2104 2093 2116 2023 2152 2193 2107 1921 1980 1981 1913 2305 2214 2380 1882 2193 2082 2081 2169 2171 1982 2119 2173 1926 2310 1785 1948 2105 2145 2199 2341 2276 2360 2263 2209 2109 1904 2158 1921 2173 2225 2141 2082 2000 2383 2125 2096 2126 2061 1982 1935 2118 2165 2269 2235 2119 1930 2374 2191 1937
2112 1754 1789 1848 1744 1893 1753 1820 1650 1920 1975 1775 1631 1936 1719 1794 1998 1913 1915 1913 1948 1960 1820 1963 1685 1693 1639 1732 1744 1820 2015 1790 1816 1948 1624 1774 1989 1850 1826 1846 1749 1389 2050 1742 1723 1755 1753 1643 1764 1637 1582 1906 1763 1947 1593 1703 1677 1704 2131 1718 1774 1651 1888 1857 2000 1680 1606 1733 1879 1788 2120 1831 1870 1707 1837 1796 1669 1731 1770 2107 1660 1966 1783 2034 2002 1767 1824 1743 1684 1660 1766 1797 1689 1942 1925 1733 1771 1933 1806 1816
2303 2108 1972 2122 2171 2093 2181 1966 1950 1762 2042 1957 1833 2151 1975 1798 2112 2211 2318 1947 2173 2161 1987 2130 1858 2030 1793 1844 2014 2057 2140 1996 1977 2167 1915 2005 2016 1971 1959 1907 1910 1818 2144 1997 1923 1957 1970 1970 2104 1945 1741 1924 1958 2309 1850 1902 1876 2013 2258 1929 1855 1995 2029 2015 2300 1749 1805 2024 2044 2078 2380 2246 2171 2048 2033 2104 2042 2000 1914 2377 2062 2130 2113 1881 2181 1998 2246 1957 1848 1876 1880 2077 2050 2100 2015 2117 1797 2158 1901 1903
2020 1738 1905 1847 2010 2069 2006 1827 1750 1603 1897 1625 1657 1940 1980 1621 2012 2248 2075 1834 1888 1916 1830 1837 1811 1738 1659 1677 1856 1867 1840 1889 1920 2002 1843 1906 2127 1852 1775 1855 1795 1832 1832 1719 1920 1950 1819 1799 1844 1759 1535 1893 1908 2211 1637 1732 1840 1821 2007 1896 1732 1773 2012 1676 2152 1557 1765 1874 1876 1892 2244 1974 1876 1794 1948 1913 1835 1692 1683 2133 1869 2052 2026 1789 2033 1922 1960 1856 1628 1607 1850 1973 1989 2052 1941 1742 1713 1915 1729 1834
2220 1883 1934 2053 1965 1996 2157 2085 1878 1797 1883 1905 1960 2162 1957 1810 2120 2196 2102 1959 2238 2202 1910 2050 1684 1857 1693 1884 1984 2076 2068 2005 1849 2127 1732 1962 2105 1806 2025 1954 1878 1853 1973 1826 1990 1863 1879 1883 2026 1763 1716 2122 1784 2291 1903 2198 1867 1902 2127 2020 1931 1783 2084 1880 2474 1700 1616 2005 2228 2009 2230 2078 2074 1972 2002 1988 2018 1909 1844 2099 2066 2128 1967 1959 2252 2075 1985 1820 1871 1788 1895 1991 1881 1979 2161 1816 1881 2125 1903 1909
2154 2047 2025 1960 1921 1957 1983 1948 1874 1776 1859 1908 1870 2066 1785 1932 2107 2141 2198 1908 2177 2043 1998 1927 1677 1828 1741 1761 1941 2035 2182 1958 1861 2161 1838 1887 2175 1891 1910 1953 2014 1674 2067 1878 2053 1844 1883 1846 2066 1839 1733 1938 2018 2325 1891 2098 1827 1958 2261 2025 1771 1742 2249 1968 2031 1716 1748 2196 2077 1896 2288 2104 2120 2006 1997 1931 1908 2026 1994 2289 2016 2059 2040 2000 2106 1969 2046 1963 1875 1846 1925 1997 1976 2097 2050 2003 1805 1994 1919 1838
2262 2170 2184 2211 2081 2253 2280 2274 1982 2127 2400 2065 2029 2402 2032 1984 2233 2447 2412 2193 2224 2391 2138 2234 1949 1927 2024 2008 2213 2221 2393 2164 2255 2266 1950 2256 2277 2173 2079 2179 2222 2021 2378 2127 1968 2117 2054 2102 2066 1895 1960 2307 2302 2294 2002 2117 2105 2102 2410 1992 2079 2142 2369 2253 2331 1833 1970 2140 2202 2296 2598 2319 2327 2277 2303 2057 2216 2005 2104 2558 2327 2180 2007 2164 2330 2183 2279 2288 2138 2228 2102 2401 2239 2267 2242 2221 1919 2316 2255 2085
2029 2031 1989 2117 1999 2047 2091 2039 1909 2020 2154 2039 1887 2069 1808 2004 2189 2342 2198 1985 2170 2194 1797 2087 1690 1684 1738 1916 2080 1994 2254 2048 2080 2068 1866 1990 1970 1909 2116 1948 1915 1779 2045 1760 2026 1866 1918 1818 1886 2007 1846 2130 1971 2323 1856 2056 1858 2193 2193 1801 2035 1981 2254 1983 2304 1714 1697 1856 2072 2140 2358 2070 2217 2085 2061 1970 2063 1895 1816 2222 2090 2161 1954 2065 2097 1987 1965 2002 1957 1906 1986 2153 1941 2174 2026 1922 1751 2108 1941 2061
2245 1982 2130 2119 2028 2173 2064 2003 1944 1858 2264 2044 1940 2367 1963 1888 2280 2233 2184 2130 2126 2326 2131 2070 1856 1825 1850 2062 2118 2128 2385 2197 2061 2105 1955 2292 2251 2050 2010 2215 2070 1842 2111 2019 2065 2081 1931 1956 2098 2058 1814 2102 2221 2441 1991 2122 1975 2155 2198 2127 1910 2013 2332 1991 2173 1790 2035 2078 2344 2177 2441 2281 2226 2054 2140 2034 2193 1949 1953 2398 2175 2139 2026 2148 2327 2093 2272 2196 2197 1950 1912 2200 2105 2119 2276 2107 1893 2362 1991 1939
2064 1833 1904 1849 1883 1949 1970 1781 1821 1699 1901 1868 1755 1979 1720 1895 1981 2080 1954 1928 2082 1951 1929 1940 1683 1833 1621 1701 2026 1937 2027 1935 1897 2015 1765 2016 2000 1810 1867 1911 1765 1670 2074 1816 1952 1919 1851 1739 1985 1837 1808 2073 1950 2036 1853 1861 1908 1913 2030 1858 1814 1833 2013 1829 1960 1664 1804 1934 1857 1937 2136 1953 2046 1975 2027 1871 1817 1841 1820 2140 1921 2057 1909 1814 2114 1917 1903 1954 1802 1824 1743 2029 1942 2190 1973 1915 1668 2072 1813 1832
1899 1848 1582 1892 1968 1730 1827 1765 1649 1504 1868 1830 1651 1909 1815 1770 1957 1947 1860 1693 1801 1905 1669 1662 1649 1679 1643 1754 1820 1781 2045 1927 1717 1818 1716 1833 1842 1545 1713 1684 1709 1776 1661 1596 1834 1836 1698 1606 1747 1747 1622 1754 1705 2104 1768 1804 1474 1689 1756 1905 1619 1703 1976 1689 2123 1702 1534 1772 1879 1725 1990 1914 1889 1844 1600 1688 1835 1793 1591 1946 1891 1838 1886 1768 1963 1832 1841 1810 1735 1547 1606 1671 1655 1826 1886 1824 1620 1902 1717 1778
2280 2400 2201 2290 2437 2242 2400 2314 2266 2037 2250 2350 1961 2320 2140 2168 2441 2349 2457 2212 2312 2323 2140 2131 2013 2089 2075 2160 2261 2347 2509 2277 2393 2355 2168 2321 2420 2287 2118 2153 2126 2107 2328 2378 2220 2354 2220 2109 2128 2066 2065 2349 2280 2521 2152 2247 2223 2322 2249 2229 2231 2155 2325 2157 2363 2066 2158 2058 2255 2404 2595 2495 2390 2331 2176 2249 2282 2162 2158 2523 2368 2327 2143 2188 2424 2222 2473 2324 2126 2078 2220 2335 2341 2346 2152 2247 1967 2354 2360 2143
2073 1967 1718 1792 1864 1945 1841 1900 1627 1579 1883 1796 1666 1876 1730 1837 2023 1970 2012 1751 1890 1964 1737 1804 1553 1692 1561 1720 1809 1933 2016 1955 1684 1845 1737 1756 1942 1803 1787 1866 1738 1606 1876 1664 1826 1802 1792 1771 1795 1673 1583 1777 1858 2056 1750 1811 1735 1935 1979 1795 1585 1720 1943 1913 2002 1563 1630 1951 1966 1747 2228 1716 2106 1846 1837 1865 1776 1820 1843 2084 2004 1884 1735 1993 2054 1806 1827 1893 1698 1691 1667 1749 1832 2015 1873 1880 1665 1855 1805 1865
2181 2096 2040 2045 2075 2219 2005 2093 1784 1890 2019 1953 2009 2232 1857 1997 2293 2216 2246 2066 2230 2410 2075 2070 1792 1990 1829 1891 1997 2195 2322 2210 1983 2213 1908 2066 2152 1971 1974 1967 1984 1798 2089 1895 1907 1978 1844 1919 2029 1956 1682 2035 2033 2210 1909 2113 1826 1988 2219 2041 1971 1903 2089 1968 2206 1881 1860 2010 2130 2042 2350 2164 2075 2084 2059 1850 1944 1945 2049 2270 2015 2118 1894 2123 2262 2042 2140 2035 1991 1976 1797 2073 2022 2142 2239 2167 1856 2121 2143 1974
2298 1996 2211 2185 1930 2110 2041 2165 2003 2020 2189 2003 2010 2157 2037 1941 1959 2212 2111 1990 2104 2089 2082 2183 1987 1921 1744 1895 2124 2111 2194 2054 1967 2161 2028 2252 2036 1939 2054 2190 2186 1846 2243 2009 2299 2064 2124 1885 1874 1796 2002 2149 2099 2361 1998 2191 2076 2059 2216 2123 1847 2124 2147 2017 2180 1769 1951 1972 2043 2198 2426 2162 2327 2201 2168 2248 1945 1885 1926 2356 2314 2051 1983 1978 2613 1932 1941 2144 1877 2050 2033 2093 2150 2312 2240 1980 1830 2457 2171 1881
2035 1898 1995 1908 2067 2012 1961 2006 1717 1688 2103 1970 1836 1982 1779 1798 2119 2071 2168 1921 2053 1893 1913 1861 1732 1874 1703 1960 1919 2124 2246 2116 1876 2014 1934 2069 1967 1922 1819 1980 1773 1703 2105 1929 1879 1984 1776 1834 1955 1815 1746 1777 1977 2279 1782 1913 1689 1928 2211 1839 1741 1874 2042 1752 2093 1866 1661 1927 1856 1940 2136 2021 2105 1938 1968 1943 1968 1955 1755 2151 1882 1999 1817 1930 1988 1931 1992 2081 1862 1791 1854 1877 1975 2155 1880 2029 1667 1981 1785 2008
2178 2321 2195 2225 2184 2360 2164 2325 2041 1981 2283 2236 2079 2424 2207 2129 2404 2523 2569 2162 2461 2389 2220 2263 2003 2004 2014 1881 2250 2358 2397 2285 2282 2439 2163 2175 2567 2275 2362 2142 2213 2001 2354 2061 2210 2140 2185 2022 2121 2079 1891 2345 2244 2538 2085 2281 2044 2259 2434 2237 2118 2146 2473 2044 2450 1918 2006 2264 2252 2396 2606 2458 2196 2344 2362 2085 2271 2256 2050 2447 2090 2340 2324 2165 2260 2230 2190 2266 2116 2194 2118 2271 2380 2504 2294 2171 2058 2276 2176 2090
2154 2173 2074 2105 2044 2007 2094 1970 1840 1679 1989 1790 1992 2087 2044 2055 2116 2224 2139 2026 1889 2068 1853 2030 1757 1922 1687 1794 2049 2033 2231 2026 1961 1998 1872 2024 2061 1885 1981 2018 1898 1685 1912 1761 2042 1938 2122 1897 2001 1771 1702 1976 1912 2439 1947 2150 1869 1881 1992 2007 1681 1819 2284 1846 2247 1790 1841 2024 2066 2032 2443 2079 2077 2041 2218 1903 1992 1946 1876 2086 2057 2188 2234 1902 2251 1984 2062 1859 1871 1963 1851 2088 2011 2282 2130 1855 1817 2071 1955 1718
1941 2003 1879 1813 2164 2073 1988 2016 1818 1821 1944 1889 1756 1990 1897 1862 2068 2186 2188 1956 1952 2144 1939 1949 1702 1961 1711 1932 1966 1959 2181 2020 1915 2060 1884 2015 1976 1838 1751 1937 1883 1742 1948 1829 1827 1939 1902 1858 1876 1753 1635 1947 1861 2235 1722 1872 1753 1868 2062 2047 1726 1749 1986 1925 2156 1828 1702 1901 1971 1861 2303 2023 2125 2058 1954 1937 1878 1804 1994 2191 1998 2034 1853 1913 2105 1953 2131 1747 1667 1812 1904 1828 1868 2044 1905 1961 1861 2066 1977 1861
2415 2174 2096 2106 2155 2293 2207 2172 2034 1828 2020 1985 2127 2128 2012 1966 2145 2390 2208 2087 2169 2166 2200 2038 2026 2064 1786 2075 2084 2177 2251 2311 2143 2214 1989 2198 2251 1941 2087 2032 1965 1874 2049 1984 2201 2180 2073 1833 1952 1955 1718 2186 2048 2491 1953 1975 1783 1969 2200 2157 1867 1892 2257 2038 2321 1846 1884 2183 2254 2116 2379 2261 2041 2172 2042 2079 2146 2105 1895 2327 2129 2302 2146 2006 2245 2026 2238 2286 1833 1944 2077 2044 2101 2371 2115 2055 1989 2238 2215 2032
2087 1901 2005 2113 2016 1868 2020 1987 1843 1716 1881 1838 1838 2084 2079 1958 2082 2158 2067 1859 2285 1994 1844 2083 1878 1999 1796 1751 2033 2005 2035 2062 1759 2149 1887 2012 2084 1924 1889 1906 1868 1745 1898 1999 1878 1930 2012 1802 2030 1783 1689 1975 2173 2287 2003 1959 1863 1852 1946 1851 1883 1843 2051 1945 2249 1742 1899 2006 1917 1976 2458 2116 2207 1992 1950 2109 1987 1806 1903 2153 2024 1991 2046 1891 2273 2008 2056 1937 1892 1799 1911 1824 1959 2103 1899 1887 1626 2027 1930 1837
2308 2114 2059 2206 1978 2078 2186 2111 1808 1930 2076 2039 2057 2230 1999 1884 2174 2262 2325 2056 2198 2346 2021 2088 1774 1902 1774 1873 2026 2224 2263 2124 2020 2232 1872 2102 2228 2089 2000 2105 2103 1778 2081 1904 2045 1931 2034 1944 2100 1825 1887 2057 2057 2366 2005 2351 2096 1911 2314 2060 2097 2015 2080 1801 2334 1983 1843 2098 2244 2169 2391 2193 2097 2210 2358 1939 1982 2047 2033 2284 2101 2192 2119 1992 2321 2079 1989 2138 2031 2124 1889 2163 2158 2242 2314 2049 1829 2067 2040 1895
1885 1798 1730 1962 1724 1821 1825 1672 1569 1490 1857 1728 1472 1896 1628 1666 1922 1876 1993 1676 1882 1945 1669 1837 1630 1680 1478 1584 1742 1766 1944 1874 1712 1787 1758 1798 1935 1777 1760 1592 1629 1558 1661 1685 1852 1915 1602 1713 1698 1658 1525 1797 1774 1980 1618 1595 1529 1866 1805 1707 1566 1857 1878 1559 1915 1609 1602 1820 1747 1743 2044 1777 1863 1735 1844 1702 1768 1634 1571 1909 1789 1811 1833 1792 1877 1685 1699 1907 1760 1558 1602 1708 1894 2025 1795 1799 1476 1847 1595 1727
2132 2059 1965 1966 1927 1862 1978 1913 1833 1706 2152 1756 1779 1898 1837 1884 2051 2126 2084 1878 2060 1933 1868 1854 1752 1786 1734 1879 1869 2028 2057 1977 1848 1722 1912 2028 2054 1824 1902 1978 1861 1618 1933 1939 1907 1949 1740 1844 1948 1678 1752 1862 1944 2168 1740 1843 1840 1862 1998 1872 1867 1760 2099 1853 2177 1695 1663 1902 2102 1891 2246 1958 1953 1928 2004 1900 1917 1810 1955 2079 2110 2104 1800 2177 2125 1960 2003 1986 1861 1857 1888 2060 1893 2130 1993 1868 1690 1865 1775 1971
1655 1660 1629 1629 1726 1645 1652 1631 1452 1469 1535 1616 1505 1775 1403 1600 1696 1769 1745 1679 1765 1874 1560 1602 1352 1483 1485 1513 1538 1641 1723 1587 1745 1693 1626 1733 1599 1526 1509 1623 1670 1333 1579 1531 1516 1400 1691 1482 1512 1541 1612 1548 1638 1825 1556 1688 1371 1481 1625 1617 1543 1593 1887 1529 1825 1363 1509 1646 1709 1737 1892 1887 1785 1703 1524 1737 1729 1598 1607 1849 1666 1557 1795 1730 1738 1603 1897 1591 1551 1577 1554 1635 1587 1627 1760 1687 1382 1644 1601 1559
1972 1972 1958 2078 2019 2057 1948 1953 1885 1661 2055 1932 1696 1962 1999 1711 1852 2162 2069 2030 1837 2237 1796 1995 1757 1685 1676 1708 1889 1999 2111 1960 1872 2120 1809 1955 1932 1882 1818 2012 1742 1631 1867 1879 1788 1933 2007 1756 1818 1704 1870 1879 1912 2068 1849 2031 1727 1831 1922 1831 1903 1955 2086 1982 2163 1923 1886 1700 2047 2015 2237 2122 2012 1958 1795 2047 1782 1833 1816 2252 1958 1869 1920 1929 2216 1762 2155 1936 1856 1735 1909 1890 1930 2016 1993 1879 1796 2175 1862 1822
2198 2181 1965 2123 2104 2185 2035 1989 1977 1954 2098 2254 2014 2110 1845 2115 2208 2298 2419 1926 2127 2135 2105 2271 1916 2055 1920 1926 2237 2253 2292 2190 2090 2192 2026 2251 2344 2112 2079 2093 2012 1849 2106 1979 1950 2092 2033 1902 2185 1945 1973 2168 2084 2371 1980 2061 1970 2123 2118 2119 1873 1984 2217 1881 2311 1947 1838 1796 2213 2178 2288 2225 2248 2152 2195 2057 2140 1952 1952 2277 2095 2297 1999 2149 2257 2138 1968 2133 1878 1977 1905 2135 2171 2278 2052 1987 1894 2117 2061 1902
2196 1903 2054 2096 1887 2083 1917 2093 1851 1874 2156 1925 1816 2110 1882 1807 2031 2229 2142 2133 1913 2101 1923 1996 1705 1754 1616 1934 1978 2142 2198 1958 1880 2066 1674 1874 2048 1910 1889 2119 1912 1551 1977 1923 1899 1900 1829 1927 2032 1637 1697 2018 1911 2275 1850 1915 1966 1873 2192 1889 1728 1794 2062 1998 2163 1754 1821 2005 1966 1999 2329 2037 2192 1926 2125 1899 1826 1865 1941 2177 2020 1876 1743 1996 2236 1994 2060 2024 1793 2119 1770 1978 1938 2150 2050 1887 1693 2111 2004 1951
2401 2227 2103 2165 2352 2206 2366 2224 1948 1974 2349 2125 2144 2306 2217 2083 2404 2306 2286 2253 2403 2357 2148 2040 1940 2043 2019 2038 2451 2250 2377 2158 2273 2390 2061 2292 2376 2072 2154 2026 2081 1891 2196 2085 2306 2212 2069 2162 2156 2097 1904 2312 2218 2571 2071 2125 2119 2140 2386 2128 2109 2159 2354 2126 2426 1944 1994 2318 2341 2190 2598 2266 2404 2371 2301 2145 2136 2188 2136 2358 2189 2530 2218 2059 2418 2184 2177 2219 2084 2192 2124 2089 2342 2403 2245 2122 1926 2196 2228 2310
2406 2270 2047 2229 2113 2209 2097 2134 2003 2040 2066 2116 2165 2326 1969 2062 2357 2313 2441 2023 2446 2317 2162 2287 1863 2024 2055 1970 2226 2292 2387 2257 2230 2317 2219 2233 2416 2195 2239 2014 2111 1809 2251 2156 2209 2109 2094 1983 2166 1897 1971 2219 2227 2381 2043 2052 2054 2214 2360 2158 2047 1990 2431 2202 2279 1827 1861 2224 2247 2197 2484 2315 2313 2239 2205 2061 2347 2066 2161 2348 2326 2427 2176 2385 2378 2153 2178 2153 2059 2189 2011 2209 2216 2337 2321 2122 1990 2322 2231 2025
2239 2261 2318 2195 2171 2296 2221 2078 1992 1808 2226 2119 2013 2353 2105 2207 2385 2313 2318 2121 2297 2386 2091 2169 1937 1985 1921 2148 2105 2203 2517 2269 2154 2192 2004 2251 2202 2207 2119 2184 2133 1819 2180 1982 2140 2131 2049 1887 2010 2149 1875 2274 2240 2488 2055 2109 1890 2084 2258 2083 1979 2045 2444 2056 2359 1846 1982 2078 2175 2298 2619 2423 2120 1904 2125 2137 2249 2082 2009 2438 2261 2360 2163 2104 2376 2259 2213 2298 2146 2100 1973 2214 2151 2530 2322 2305 1914 2308 2300 2089
2298 2080 2176 2228 2308 2255 2261 2262 2018 1881 2259 2242 2064 2297 2161 2039 2334 2451 2236 2237 2367 2201 2090 2251 1984 2083 1894 2130 2150 2275 2319 2348 2184 2367 2278 2386 2236 2263 2056 2126 2107 1991 2279 2274 2026 2250 2133 1961 2004 2025 2042 2134 2263 2497 1908 2248 2028 2079 2310 2233 2108 2144 2323 2005 2381 2049 1957 2182 2177 2290 2635 2320 2443 2340 2096 2339 2062 2078 2044 2402 2259 2290 2136 2135 2427 2225 2375 2245 1966 2030 2103 2248 2179 2449 2188 2292 1966 2410 2092 2113
2278 2045 2006 2078 2020 2102 2101 2175 1904 1797 2072 1928 1955 2042 2105 1874 2094 2127 2045 2130 2025 2032 2011 1779 1777 1733 1711 1986 2109 2060 2254 2060 2136 2047 1908 2038 2116 2068 1969 1983 1965 1814 1992 2018 2138 2152 2070 1990 1911 1758 1842 2051 2102 2285 1958 1997 1971 1938 2055 1971 2025 1894 2186 1951 2143 1815 1736 2027 2104 2058 2318 2155 2114 2006 1998 2043 1934 1891 1961 2235 1987 2060 1947 1962 2225 2041 1967 2129 1916 2115 2012 2072 2008 2363 2024 1980 1683 2148 2200 2100
2078 1970 1800 2036 1902 1800 1940 1708 1776 1666 1932 1722 1743 1831 1647 1637 1885 2031 1960 1724 1851 1916 1715 1679 1678 1689 1590 1749 1865 1949 2086 1917 1819 1757 1776 1936 1775 1767 1725 1852 1814 1592 1819 1730 1906 1870 1825 1860 1965 1763 1758 1884 1920 2058 1934 1879 1718 2032 1952 1964 1721 1761 1998 1689 2045 1650 1674 1809 1851 1886 2155 2002 2051 1913 1998 1762 1709 1753 1671 1982 1842 1881 1884 1832 2185 1734 1764 1807 1618 1827 1834 1785 1842 2019 1911 1875 1560 1880 1727 1882
2240 2066 2047 1982 2043 1830 2001 2242 1828 1844 2059 2010 1928 2024 1933 1978 2167 2194 2087 1985 2204 2059 2085 1979 1729 1875 1792 1889 2173 2245 2285 2087 2015 2071 1954 2176 2115 2032 1984 2004 2030 1788 2099 1991 2063 1957 1975 1952 2093 1743 1831 2049 2034 2358 2034 2129 1939 2014 2113 2012 1963 1903 2184 1809 2205 1855 1679 2163 2187 2117 2335 2040 2072 2153 2169 2088 2079 1867 1898 2139 2039 2211 2078 1988 2337 2018 2088 2059 1902 2085 2053 2056 2143 2171 2046 2086 1767 2128 2035 2069
2006 2042 1881 2049 1972 2083 1888 2017 1839 1748 2073 2024 1903 2092 1898 1948 2155 2249 2192 1984 2019 2044 1944 2015 1783 1906 1772 1932 2067 2193 2164 2183 1940 2148 1805 1975 2087 1864 1878 2090 1964 1817 2003 1783 1703 1828 1896 1832 1872 1739 1773 2027 2035 2180 1677 1889 1823 2023 2077 1900 1719 1841 2028 1997 2168 1821 1781 1819 2044 1979 2393 2103 2115 2067 1829 2018 1895 1829 1923 2206 2006 2089 1746 1932 2037 2015 2063 1952 1705 1886 1847 2016 1862 2078 2025 1971 1732 2120 1971 1874
2136 1961 2046 2062 2081 1927 2030 1968 1835 1678 1982 1799 1953 2156 1921 1848 2024 2158 2118 2028 2096 2196 1900 2041 1665 1953 1737 1892 2126 2074 2219 2032 1861 2192 1932 2144 2042 1903 1846 1958 1871 1906 2063 1996 2029 2097 1993 1835 2199 1948 1715 1908 1896 2282 1895 2007 1833 1973 2084 1951 1879 2000 2121 1838 2220 1774 1860 1986 1914 2062 2277 2186 2144 2042 2064 2048 2080 1881 1860 2136 1947 2047 1897 1828 2225 2115 2122 2037 2009 1898 1889 1893 2124 2047 1935 1961 1647 2182 1803 1956
2224 2181 1957 2050 2155 2261 2051 2130 1944 1823 2169 2085 2080 2160 2037 2092 2283 2369 2393 2201 2148 2256 2103 1911 1877 1867 1786 1902 2140 2142 2519 2139 2063 2127 1980 2267 2323 1985 1873 2087 2032 1891 2067 2036 2011 2108 2129 1877 1914 2089 1898 2160 2235 2473 2002 2117 1847 1928 2227 1988 2017 1988 2463 2035 2311 1834 2013 2104 2169 2200 2405 2292 2041 2113 2163 2155 2129 2065 1951 2233 2027 2230 2107 1894 2219 2089 2350 2394 2033 2180 2038 2045 2133 2361 2171 2178 1762 2223 2098 2046
1874 1902 2002 1921 1776 1889 1893 1905 1735 1731 1961 1917 1657 2023 1643 1751 2120 2070 2146 1802 2018 2065 1930 1825 1800 1812 1646 1821 1936 1968 1987 1884 1978 1925 1892 1915 2060 1945 1716 1801 2015 1617 1930 1847 1808 1868 1776 1766 1768 1527 1663 1940 1886 2044 1637 1952 1843 1798 1940 1924 1733 1755 2108 1680 1990 1849 1841 1987 2009 2027 2253 2056 1935 1995 1760 1984 1834 1702 1768 2089 1991 2079 2014 1925 2112 1905 2079 1836 1798 1697 2044 1945 1873 1882 1889 1979 1734 2042 1918 1879
2340 2184 2176 2243 2127 2169 2092 2171 1970 1914 2239 1876 2002 2230 2106 1865 2261 2442 2378 2280 2259 2272 2015 2187 1970 1875 1719 1986 2241 2205 2352 2248 2047 2299 2011 2209 2189 2041 2040 2397 2060 1888 2183 2135 2201 2049 2115 2002 2252 1895 1980 2079 2123 2410 2046 2121 2133 2005 2259 2003 1938 2033 2153 2100 2426 1946 1990 2131 2280 2162 2547 2109 2239 2194 2214 2192 2173 1974 2044 2424 2292 2134 2095 2097 2427 2154 2077 2103 1933 2007 1968 2136 2107 2241 2144 2054 1855 2238 1964 1922
2475 2342 2413 2250 2479 2413 2472 2383 2227 2100 2465 2229 2143 2539 2223 2354 2580 2600 2562 2176 2530 2467 2268 2259 2146 2270 2046 2116 2434 2435 2603 2469 2316 2285 2255 2521 2369 2199 2284 2352 2295 2203 2405 2295 2311 2419 2116 2239 2309 2236 1971 2413 2421 2681 2238 2271 2102 2415 2237 2338 2142 2143 2669 2126 2504 2031 2118 2360 2453 2518 2782 2397 2489 2514 2419 2193 2334 2139 2272 2603 2529 2500 2278 2206 2648 2294 2452 2382 2233 2177 2265 2513 2466 2616 2459 2318 2101 2414 2388 2279
2230 2089 2087 2084 2079 1999 2091 2184 1957 1867 2112 1892 2078 2122 2041 1828 2019 2087 2197 2170 2064 2088 1804 2060 1738 1914 1692 1823 2179 2227 2300 2238 1944 2208 1858 1972 2083 1970 2070 2035 1940 1762 2036 2124 2026 1985 1908 2059 2010 1791 1627 2081 1943 2471 1913 1958 1831 2067 2228 2021 1930 1915 2151 1900 2133 2002 1890 2039 2200 1957 2348 1975 2168 2161 2036 1965 1994 1828 2007 2150 2203 2096 2030 1958 2149 2005 2156 2175 1973 2055 2033 2027 2101 2300 1935 1948 1716 2178 2033 2110
2279 2146 2073 2105 2285 2199 2259 2136 2046 1965 2169 1872 2113 2189 2085 2033 2333 2419 2322 2061 2482 2256 2131 2069 1961 2047 1940 1973 2339 2093 2498 2251 2215 2144 2100 2254 2272 2135 2100 2094 2126 1812 2184 2179 2120 2261 2079 2053 2025 2026 1897 2299 2241 2524 2060 2110 1885 2039 2262 2154 2082 2052 2325 2045 2424 1789 1861 2129 2193 2113 2380 2313 2234 2342 2251 2001 2176 1980 1996 2198 2126 2322 2236 2149 2243 2209 2158 2135 1942 2051 2113 2052 2094 2458 2190 2026 1933 2241 2168 2131
2175 1923 2125 2166 1867 1962 2003 1947 1780 1744 2022 1945 1930 2146 1776 1820 1977 1934 2077 1797 2074 1993 1710 1945 1735 1666 1726 1785 1877 2103 2079 1944 1941 2122 1711 1802 1870 1954 1933 1844 1928 1598 1983 1885 1974 1880 2006 1804 1979 1820 1705 1934 1985 2132 1793 1959 1729 1889 2014 1897 1806 1991 2182 1924 2041 1741 1913 1808 1956 2052 2204 2045 2048 1885 1962 2047 1843 1853 1822 2069 2081 1915 2108 2077 2172 1941 1961 2090 1897 1875 1804 1947 1991 2077 2019 1755 1689 2159 2109 1923
2191 2091 1888 2178 1940 2077 2046 2079 1844 1800 2009 1721 1898 2046 1838 1656 2091 2327 2299 1960 2003 2026 1918 1942 1856 1857 1630 1882 1921 2081 2170 2111 1970 1976 1820 2071 2107 1871 1873 1940 2063 1591 1833 1823 1974 1897 1939 1825 1930 1739 1896 1905 1925 2327 1884 1983 1876 1891 2013 2154 1720 1891 2208 1788 2126 1627 1751 1955 2102 2078 2209 2117 2027 1975 1923 1939 2004 1843 1865 2071 1932 1985 2141 2017 2225 2039 2049 2005 1731 1879 1994 1952 1802 2093 2126 1860 1776 1986 1920 1753
2219 2002 1822 2055 2164 2149 2135 1980 1910 1693 1987 1958 1908 2021 1672 2025 2026 2252 2257 1992 1869 2085 1824 1987 1770 1975 1832 1829 2124 2227 2125 1989 1919 2099 2015 2054 2263 1829 1986 2096 1920 1778 2106 2000 1989 1948 1975 1856 1981 1964 1749 1886 2026 2381 2055 1925 1943 1910 2287 1966 1839 1939 2279 1783 2138 1836 1906 1975 2187 1981 2233 2126 2153 2143 1987 1902 2081 1915 1923 2284 1987 2122 2084 1948 2316 1979 2050 2174 1822 1830 1990 2044 2053 2093 1961 2050 1807 1939 1903 2063
2454 2328 2262 2269 2517 2371 2183 2307 2169 2087 2463 2304 2078 2505 2375 2089 2440 2485 2352 2403 2218 2386 2259 2175 2045 2101 2014 2113 2311 2222 2453 2335 2181 2415 2221 2481 2329 2172 2087 2310 2208 2214 2358 2198 2287 2403 2421 2188 2301 2254 2152 2330 2471 2399 2267 2317 2246 2213 2368 2234 2219 2171 2418 2282 2422 2023 2110 2178 2403 2316 2691 2512 2423 2413 2312 2362 2261 2070 2252 2618 2467 2381 2322 2323 2551 2141 2266 2253 2090 2166 2141 2340 2245 2525 2416 2350 1966 2488 2311 2141
2461 2119 2246 2322 2226 2313 2134 2087 2055 1904 2345 2214 2151 2434 2081 2164 2314 2436 2454 2265 2261 2430 2340 2232 1980 2187 2009 2135 2075 2372 2353 2430 2129 2288 2156 2223 2358 2222 2141 2148 2110 2100 2240 2014 2177 2332 2205 1952 2362 2074 1879 2281 2301 2457 2140 2209 2002 2036 2323 2202 2011 2185 2489 2231 2453 2027 2014 2107 2368 2254 2579 2384 2355 2147 2288 2247 2236 2273 2041 2464 2277 2315 2168 2314 2439 2242 2360 2339 2271 2015 1933 2248 2124 2457 2291 2328 1990 2228 2178 2074
2219 2003 1982 1872 2027 1899 1980 2107 1733 1778 1981 1998 1981 2153 1947 1870 2154 2148 2133 1865 2155 2181 1848 1915 1628 1869 1958 1800 1989 2141 2166 2010 2007 1975 1975 2076 2038 2029 2064 1872 1865 1646 2044 1930 2030 1884 1964 1919 1863 1819 1753 2119 2031 2289 1914 2014 1827 1931 2107 2076 1937 1750 2247 1804 2120 1753 1712 2083 1947 2007 2247 2033 2060 1998 2105 1943 2003 1919 1863 2012 2003 2255 1987 1967 2163 1889 2062 2005 1937 1938 1843 1931 1999 2194 2095 1958 1748 1907 2071 1949
2050 2116 2005 1977 2165 1975 2059 2109 1824 1696 2025 2107 1920 2173 2066 1927 2267 2122 2086 1938 2207 2283 1888 1931 1846 1884 1882 1922 2105 2112 2268 2147 2011 2100 1935 2213 2176 1927 1872 1861 2021 1937 1998 1988 1970 2070 1988 1801 2060 1906 1904 2096 2150 2180 1935 2130 1885 2025 2087 2266 2060 1809 2272 2044 2258 1757 1920 2025 2234 2010 2484 2262 2044 2184 1973 2087 2006 1902 2082 2250 2178 2222 1940 2086 2224 2258 2145 2036 1999 1895 1961 1947 1928 2046 2166 2140 1864 2196 2010 1939
2113 1919 2001 1970 2067 2067 2074 2026 1787 1988 2316 2067 1847 2106 1882 2081 2356 2238 2169 2181 2212 2152 2000 1995 1727 1787 1867 2033 2127 2159 2305 2028 2020 2032 2035 2089 2171 1954 1936 2064 1999 1820 2118 1961 1996 2062 1930 2026 1968 1859 1835 2103 2274 2345 1968 2065 1973 2193 2056 1923 2199 1914 2219 1829 2280 1974 1702 1965 2179 2081 2489 1916 2120 2073 2062 2044 2237 1815 1957 2302 2228 2272 1980 2158 2283 1976 2038 2052 2027 1957 2085 2292 2027 2319 1932 2088 1690 2048 1939 2080
2113 1863 1938 1875 1885 1878 1975 2024 1728 1618 1878 1826 1879 1916 1834 1799 1943 2055 2022 1806 1981 2052 1767 1734 1548 1826 1640 1718 1976 2030 2072 1830 1896 2027 1730 1934 1953 1854 1692 1887 1869 1637 1846 1869 1854 1876 1810 1757 1721 1812 1598 1919 1924 2152 1778 1972 1834 1698 1984 1926 1860 1999 1965 1687 2083 1759 1840 1861 1916 1901 2186 1954 1860 1875 1969 1957 1891 1713 1743 1972 2145 1975 1754 1869 2228 1935 1958 1972 1866 1813 1751 1834 1861 1960 2032 1880 1696 2066 1873 1887
2232 2138 1996 2152 2026 1879 2010 2001 1912 1821 2165 2032 1790 2029 1772 1880 2078 2132 2194 2029 2097 2064 1928 1985 1749 1898 1940 1829 2107 2146 2156 2010 2030 2038 1943 1986 2123 2012 2033 2114 1975 1749 2079 1928 1972 1937 1911 2015 2020 1634 1902 2139 1997 2164 1870 1964 2024 2000 2265 1868 1953 1987 2210 2077 2220 1852 1738 1973 2141 1998 2232 1983 2181 2085 2133 2039 1973 2083 1974 2293 2118 2256 2079 2096 2175 2032 1999 1882 1843 1944 1950 2092 1984 2096 2094 2087 1748 2068 1920 2116
2063 1838 1986 1962 2047 2000 1881 1959 1884 1813 2103 1961 1837 2077 1752 1839 2103 2078 2075 2034 2152 1952 2024 1926 1814 1767 1718 1980 2048 2160 2322 2130 1901 2033 1876 2021 2003 1843 1970 1959 2005 1738 2129 2014 1916 1985 1839 1914 1915 1891 1702 2043 1889 2294 1885 2024 1882 1964 2099 1889 1892 1906 2052 1920 2262 1796 1705 1998 1994 2021 2277 2096 2143 2026 1981 1946 1858 1799 1840 2085 2178 2017 1922 2009 2183 2041 1996 2007 1894 1980 1843 2045 2041 2113 2063 2103 1708 2249 2080 2018
2151 2047 2003 2177 2029 2134 1954 2063 2032 1943 2238 2042 1833 2191 1977 1892 2167 2250 2211 2078 2148 2098 2047 2050 1932 1779 1682 1994 2003 2136 2281 2147 1916 2050 1946 2094 2037 2000 2062 2133 2020 1761 2084 2056 2095 2053 1988 1811 1987 1913 1832 2078 2066 2340 2006 1877 1855 2105 2218 1989 1773 1872 2224 2091 2223 1937 1701 2090 2206 2093 2277 2079 2243 2043 2110 1884 1848 1868 1900 2146 2110 2114 1996 1925 2382 1933 2123 2004 1722 1992 1931 2112 2015 2325 2059 2130 1905 2290 2221 2091
1825 1667 1829 1954 1806 1719 1811 1786 1840 1490 1930 1773 1660 1886 1711 1820 1933 2043 1812 1685 1940 1905 1730 1668 1654 1440 1541 1571 1677 1871 1885 1864 1734 1873 1713 1790 1955 1725 1863 1902 1758 1579 1802 1728 1853 1795 1862 1597 1708 1712 1586 1875 2067 2079 1648 1727 1723 1698 1944 1775 1809 1708 1853 1706 1954 1472 1616 1654 1900 1844 2145 1913 1843 1963 1822 1822 1707 1720 1761 1964 1942 1905 1706 1803 2107 1719 1754 1874 1623 1813 1710 1911 1745 2130 1856 1565 1538 1828 1742 1716
2110 1934 1974 2062 1915 1902 1873 1939 1838 1870 1932 1962 1771 2002 1944 1767 2011 2184 1968 2048 1947 1926 1969 2026 1733 1771 1475 1927 1953 2024 2113 2127 1929 2249 1800 1923 2031 1888 1832 1997 1946 1856 1929 1821 1833 2015 1959 1792 1970 1706 1650 2059 1795 2120 1706 1885 1941 1883 2218 1923 1868 1810 1986 1833 2178 1798 1765 1846 2048 2037 2262 1983 2056 1962 1944 2172 1913 1978 1780 2128 2178 1975 1791 1889 2288 1931 1991 2073 1806 1982 1778 1905 1920 2037 1999 2001 1707 2206 1894 1745
2159 1950 1954 2128 1969 1994 2210 2113 1920 1747 2005 1969 1916 2184 2052 1896 2083 2275 1989 1901 2241 2043 2012 1960 1753 1860 1806 1948 2101 2140 2103 2159 1992 2195 1897 2157 2113 2046 1936 2013 1851 1771 1911 2112 2048 1898 2104 1920 1982 1839 1847 2049 2109 2324 1941 2043 2034 1921 2107 2113 2022 2032 2114 2040 2107 1892 1751 1978 2157 2218 2400 2126 2197 2107 1937 2103 1875 1920 2000 2332 2286 2141 1913 1873 2267 1957 2204 2141 1910 1984 2137 2080 1865 2260 2063 1841 1859 2089 2150 1759
2314 2148 2222 2276 2230 2337 2114 2271 2104 2046 2276 2365 2081 2278 2164 1968 2397 2383 2483 2231 2370 2342 2136 2196 2041 1985 2099 2117 2155 2379 2416 2302 2197 2450 2334 2138 2382 2082 2142 2209 2037 1940 2177 2257 2167 2233 2093 2010 2144 2008 1873 2124 2265 2611 2077 2186 2035 2297 2356 2102 2119 2096 2345 2063 2467 2196 1895 2115 2228 2137 2546 2357 2225 2281 2153 2273 2235 1961 2110 2470 2335 2259 2230 2174 2290 2170 2410 2226 2112 2041 2232 2165 2123 2297 2172 2222 1930 2424 2182 2263
2010 1930 1878 1999 1962 1974 2029 2185 1731 1627 2030 1975 1784 2204 1900 1730 2177 2025 2048 1994 2051 2053 1749 1910 1607 1627 1753 1878 1889 1977 1937 2126 1959 2085 1913 1949 2103 1936 1814 1755 1925 1726 1964 1979 1964 1929 1860 1768 1794 1783 1697 1734 1917 2074 1764 2029 1956 1930 2008 1996 1942 1896 2143 1906 2055 1807 1734 2037 2137 2092 2417 2061 2049 1983 1823 2037 1987 1831 1965 2287 2223 1979 2018 1984 1965 2043 2225 2018 1927 1783 1792 1966 1898 2052 1935 1929 1749 2123 1994 1802
2210 1898 2034 1915 1993 1931 1944 1971 1898 1689 1828 1849 1815 1993 1841 1700 1970 2005 2036 1964 1994 2195 1971 1679 1619 1689 1667 1706 1783 2007 2120 1981 1775 2095 1760 1968 1870 1704 1813 2082 1936 1647 1866 1850 2102 1843 1915 1798 1780 1801 1628 1874 1909 2162 1761 1923 1961 1808 2036 1794 1766 1896 1970 1742 2041 1759 1753 1870 1956 1877 2166 2023 2065 1974 2113 1951 1825 1836 1823 1907 2071 2002 1742 1830 2307 1804 1950 1937 1694 1886 1791 1884 1871 2075 2031 1849 1675 2049 2058 1732
2117 2165 2184 2053 2139 2231 2156 2299 1882 1883 2177 2032 2016 2249 2034 1913 2212 2263 2191 2155 2098 2173 1919 1891 1676 1839 1815 2135 2255 2303 2321 2142 2125 2207 2001 2219 2064 2028 1901 2004 1940 1898 2079 2148 2186 2105 2062 2087 2056 1987 1917 2082 2074 2451 2038 2242 1961 2063 2136 2096 2070 2108 2366 2124 2240 1968 1897 2178 2093 2071 2557 2243 2201 2242 2252 2159 2046 1845 2154 2270 2410 2282 2025 2002 2219 2125 2318 2082 2034 2244 2160 2140 2074 2356 2216 2151 1777 2284 2275 2173
2101 1675 1796 1806 1909 1660 1784 1850 1603 1716 2014 1618 1748 1893 1674 1740 1835 2107 1991 1773 1877 1897 1769 2030 1697 1715 1654 1710 1812 2010 1987 1874 1743 1840 1720 1917 1815 1707 1790 1900 1794 1608 1817 1720 1722 1758 1668 1595 1941 1478 1652 1970 1936 1971 1877 1747 1825 1677 1856 1770 1846 1775 1963 1797 2108 1800 1627 1700 1959 1805 2239 1805 1814 1938 1878 1824 1790 1681 1877 2000 1952 2103 1668 1861 2219 1906 1958 1854 1810 1767 1658 1820 1653 2031 1941 1982 1470 1750 1778 1919
2119 1976 2126 2020 1948 2087 2065 2084 1922 1680 2150 2141 1872 2230 2059 1851 2044 2210 2152 1919 2084 2021 1846 2015 1896 1862 1728 1926 1974 1936 2053 2008 2107 2098 1765 2011 2119 1881 2135 1869 1946 1740 2068 1863 2155 1924 1865 1734 1802 1875 1792 2158 1981 2305 1730 1955 1856 1989 2130 1993 1791 1837 2403 2073 2144 1634 1830 1974 2124 2161 2361 2150 2027 1925 2011 2026 1822 1909 1921 2264 2143 2254 1841 1784 2208 2110 2055 1948 1905 1862 1998 2141 1954 2144 2104 1908 1861 2298 2070 1928
2058 2033 2007 2032 1860 2002 1801 2023 1794 1741 1904 1946 1898 2177 1982 1858 2073 2115 2064 1970 2038 2118 1950 1922 1740 1804 1666 1946 1963 2105 2115 2215 1928 2121 1925 2053 1982 1971 1816 2083 1958 1879 1899 2006 1925 1970 1970 1688 2011 1766 1633 2037 1804 2297 1769 1987 1832 1895 2082 1996 1796 1811 2117 1884 1982 1860 1936 1891 2005 1948 2199 2090 2012 2035 1940 2134 1952 1907 2023 2210 2237 1944 1841 1924 2187 1976 2207 2071 1905 1913 1912 1852 1933 2044 2132 2096 1712 2244 2028 1902
1975 1845 1902 1919 1897 2105 1819 1976 1755 1792 2085 1928 1801 2085 1767 1650 1887 2011 2130 2097 1931 2056 1920 1925 1844 1731 1652 1878 1791 2042 2099 1916 1988 2030 1769 2013 1911 1868 1841 2090 1811 1659 1994 1900 1953 1800 1806 1752 1959 1739 1704 1977 1995 2110 1791 2019 1779 1789 1990 2025 1801 1895 2003 1872 2201 1817 1776 1718 2077 2039 2146 1967 1910 2076 1878 1844 1810 1691 1871 2259 1946 1767 1850 1783 2088 1996 2000 1907 1775 1904 1748 2034 1808 1917 1842 2010 1820 2015 1882 1928
2046 1988 1791 1891 1865 1783 1872 1734 1772 1670 1992 1789 1714 1914 1729 1831 2034 1875 2046 1886 1987 1952 1704 1841 1670 1626 1642 1758 1841 1859 2065 1908 1937 1809 1827 1802 1912 1689 1831 1858 1752 1555 1841 1809 1957 1704 1722 1654 1848 1679 1666 1754 1724 2068 1759 1756 1636 1834 1917 1788 1656 1766 2047 1685 2091 1810 1612 1851 1964 1979 2047 1949 1923 1785 1805 1748 1810 1849 1668 1982 1917 1975 1947 1927 2039 1796 1874 1792 1808 1641 1772 1777 1790 1997 1957 1828 1541 1873 1825 1704
2033 1822 1970 1912 2015 2035 1977 2023 1655 1657 2009 1735 1748 1998 1669 1690 2221 2197 2113 1874 2088 2162 1904 1757 1769 1665 1710 1858 1879 2066 2183 2015 2001 2144 1837 1959 2205 1815 1762 1832 1800 1673 1861 1804 1849 2027 1718 1870 1771 1773 1632 1856 1967 2165 1735 1708 1748 1841 2088 1849 1767 1935 2096 1768 2079 1826 1785 1959 1884 1857 2225 1959 1909 1967 1927 1800 1891 1957 1752 2090 1785 1963 1877 1932 1881 2009 1963 1967 1802 1793 1801 1839 1895 2200 1969 1832 1720 1932 1880 1989
1841 1893 1986 1829 1889 2088 1836 1947 1707 1647 1853 1811 1886 1951 1968 1530 1843 1944 1997 1882 1933 1982 1810 1691 1622 1635 1620 1667 1821 2136 2016 1972 1903 1824 1923 1995 1795 1749 1901 1955 1766 1711 1846 2041 1991 1780 1813 1659 1689 1607 1697 1881 1872 2231 1846 1993 1670 1811 1926 1825 1645 1739 2115 1754 2006 1564 1751 1847 1775 1901 2186 2038 1967 1960 2069 1858 1805 1706 1704 2048 1930 1949 1780 1715 1981 1798 1905 1993 1640 1914 1907 1959 2029 2209 1788 1853 1554 1878 1990 1822
2389 2130 2091 2269 2043 2042 2159 2154 1899 1865 2113 1981 1912 2151 2033 1932 2186 2309 2298 2102 2108 2184 1922 2068 1839 1945 1711 1866 2159 1997 2339 2112 1773 2274 1864 2034 2082 1935 1872 2088 2035 1865 2162 1922 2083 2110 2021 1841 2118 1874 1745 1863 1901 2277 1902 2117 1989 1779 2214 1820 1814 2131 2209 1972 2147 1907 1860 2122 2077 2150 2473 2004 2126 2063 2163 2006 2121 2003 1850 2346 2205 2077 2015 1930 2383 2019 2071 2178 2048 1899 1896 2108 2063 2083 2155 2073 1808 2247 2041 1785
2139 1978 2016 2121 1917 1760 2034 1956 1835 1848 1975 1889 1739 2132 1749 1978 2006 2228 2028 1941 2067 2001 1946 2134 1688 1815 1731 1795 1949 2095 2146 2150 1992 2156 1724 1978 2041 1842 1970 1871 1975 1764 1909 1848 1898 2116 1876 1951 1995 1696 1729 2157 1942 2248 1788 1929 1869 1958 2103 1929 1785 1780 2040 1915 2118 1834 1694 1981 2006 1995 2309 2025 2158 2100 2145 1882 1983 1925 1845 2139 2141 2058 2019 2011 2190 1974 1992 2103 1970 1971 1870 2042 2165 2228 2079 1813 1705 2136 1955 1841
1912 1770 1975 2044 1868 1842 1893 1984 1643 1785 1943 1751 1691 2155 1875 1597 1959 2006 2004 1827 2075 1881 1841 1836 1694 1690 1561 1666 1875 1942 2052 1918 1757 2101 1748 2009 1915 1793 1877 1840 1782 1656 1966 1935 1940 1889 1775 1735 1854 1773 1649 1909 1900 2022 1661 1808 1852 1801 2063 1811 1901 1927 2009 1735 1974 1700 1641 1985 1867 2065 2156 1975 1903 2030 2052 1813 1771 1675 1796 2049 2044 2001 1848 1762 2183 1861 1910 1939 1787 1972 1819 1939 2027 1989 2016 1831 1627 2135 1861 1861
2314 2167 2078 2375 2333 2377 2236 2155 1974 1773 2052 1989 1956 2329 2158 2016 2294 2323 2329 2058 2230 2236 2127 1979 1863 2031 1816 1882 2091 2143 2175 2181 1980 2351 1861 2144 2260 2001 1906 2038 2076 1938 1956 1985 2089 2284 2020 2026 2211 2072 1876 2031 2368 2377 2067 2100 2033 1995 2134 2179 1904 2079 2381 2016 2341 1921 1991 2275 2149 2171 2606 2380 2197 2138 2302 2029 2048 2005 1959 2346 2122 2117 2224 2056 2392 2257 2193 2120 1904 1993 2001 2248 2052 2432 2366 2072 1964 2307 2150 2005
2329 2226 2096 2306 2148 2227 2345 2167 1972 1890 2088 2209 1970 2324 1911 1856 2195 2287 2594 2023 2296 2276 2053 2220 1945 2087 1956 1921 2089 2215 2319 2162 2103 2233 2046 2094 2192 2011 2081 2079 2151 1944 2011 2029 2058 2172 2067 1972 2017 1938 1949 2152 2085 2305 1995 2148 2008 2200 2259 2011 2014 2158 2363 1975 2506 1845 1855 2006 2272 2183 2468 2293 2314 2322 2306 2085 2129 2010 2057 2502 2297 2219 2196 2088 2320 2264 2163 2215 1908 1910 1976 2143 2237 2173 2153 2215 1943 2233 2041 2155
1987 1867 1895 2028 1814 1986 2028 1904 1787 1744 2003 1841 1666 2083 1787 1806 1967 1953 1885 1855 1931 2124 1793 1868 1754 1688 1802 1665 1710 1900 1966 1961 1985 1814 1774 1813 1904 1839 1957 1891 1788 1567 1976 1856 2016 1792 1774 1911 1702 1697 1670 1915 1973 2058 1798 2056 1928 1924 2142 1935 1854 1733 1976 1823 2010 1633 1746 1859 1959 1966 2165 2081 2026 1955 2038 1782 1736 1789 1768 2181 1992 1879 1893 1886 2143 1754 1982 2019 1897 1872 1874 2022 1823 2031 1963 1698 1830 2011 1902 1752
2249 2280 2176 2240 2292 2282 2385 2387 2039 1954 2275 2237 2139 2347 2217 2032 2422 2445 2401 2188 2382 2356 2141 2185 1943 2021 2016 2207 2282 2324 2461 2401 2182 2285 2163 2325 2344 2242 2079 2174 2186 2087 2081 2169 2146 2095 2178 1948 2152 2092 2082 2290 2248 2511 2172 2311 2120 2203 2199 2360 2147 2217 2390 2098 2503 1971 1958 2140 2486 2302 2674 2237 2277 2314 2139 2304 2216 2003 2230 2398 2474 2343 2289 2234 2385 2401 2452 2249 2070 2112 2175 2286 2082 2360 2294 2243 1973 2209 2210 2061
2479 2134 2251 2228 2358 2202 2076 2241 2088 2060 2197 1955 2110 2346 2089 1830 2171 2439 2444 2183 2266 2175 2193 2262 1925 2078 1905 1937 2029 2326 2350 2135 2062 2260 2047 2188 2207 1938 2125 2337 2098 1934 2084 2144 2217 2178 1988 2179 2225 2015 1781 2280 2182 2426 2057 2118 1951 2221 2284 2160 2067 2075 2354 2188 2605 1923 1970 2124 2205 2148 2584 2386 2321 2257 2405 2260 2094 2027 2168 2309 2232 2306 2197 2228 2456 2105 2237 2132 1887 2158 2006 2176 2157 2488 2207 2047 1972 2181 2031 2276
2234 2004 2045 2104 1992 2122 2032 2024 1905 1884 1996 1975 2072 2188 2091 1769 2240 2333 2287 1977 2211 2224 2012 2026 1924 1961 1868 1805 2071 2094 2336 2094 2067 2205 1943 2001 2148 2077 2070 2115 1863 1761 2179 2016 2026 1892 1952 1931 2105 1869 1789 2042 2033 2192 1930 2229 1901 1999 2172 2099 2013 1913 2152 1921 2196 1896 1917 2018 2081 2158 2300 2246 2120 2041 2135 2027 2065 1980 1789 2221 2064 2156 2097 2080 2206 1914 2038 2080 1934 1869 1775 2083 1967 2156 2047 1945 1851 2192 1981 1772
2202 2284 2160 2185 2180 2039 2142 2224 2057 1875 2020 2064 1900 2148 2031 2081 2264 2222 2422 2138 2143 2121 1906 2127 1787 1941 1830 1826 2105 2236 2328 2277 2115 2292 1965 2104 2243 1992 1957 2106 1994 1935 2110 2053 2131 2039 2260 1951 2077 1834 1941 2120 2065 2365 2049 2144 1950 2073 2162 1937 2042 1988 2216 2023 2285 1840 1745 2016 2156 2157 2273 2221 2245 2068 2142 2137 2034 2093 1987 2300 2181 2255 2117 2058 2302 2078 2147 1961 2019 2058 1910 2143 2141 2261 2154 1922 1722 2158 2055 1799
1991 1837 1854 1904 1887 1926 1853 1922 1744 1825 1971 1855 1760 2071 1886 1693 2024 2257 2077 1948 2015 2077 1900 1919 1763 1681 1639 1881 1997 2017 2154 1884 1960 2006 1914 2054 2096 1745 1782 1827 1875 1789 1854 1884 1972 1986 1932 1852 1871 1743 1818 2092 1820 2215 1955 1909 1831 2016 1923 1948 1911 1805 2155 1876 2131 1713 1757 1815 1868 2098 2190 2135 2045 1901 1948 1972 1976 1768 1787 2032 2034 1960 1850 1760 2215 1956 2005 1944 1799 1957 1987 1911 1913 2020 2058 1856 1631 2148 1957 1919
