2115 2377 1914 2029 2273 2056 2196 2198 1974 2070 2168 2030 2240 2350 1932 2129 2499 1915 2223 2315 2230 1872 2040 2127 1958 2053 2118 2003 1814 1920 1819 2471 2397 2049 2298 2059 2289 2109 2135 2087 2054 2225 2191 1790 2346 2156 2195 2365 2345 2204 1870 2473 2114 2269 1969 2017 1818 2119 2026 2216 1849 2117 1968 1993 2053 1970 2071 1930 2072 1731 2278 2116 1733 2086 2410 2058 2013 2324 2007 2483 1989 2088 2179 2036 2024 2231 2111 2093 1752 2264 2303 1965 2236 2135 2071 2102 1900 2369 2075 2138
1956 2008 1881 1907 2236 1874 2025 2200 1908 1934 2066 2138 1990 2157 1682 2047 2105 1981 1890 2048 1971 1747 1888 2111 1873 1908 2057 1876 1716 1842 1666 2170 2264 1839 2244 1999 2141 1837 1892 1988 1861 1981 2078 1762 2216 2066 2125 2073 2071 2142 1775 2254 2008 2204 1898 2002 1760 2014 1859 1861 1820 1970 1768 1808 1884 1869 1886 1976 2053 1673 1846 1927 1737 2045 2217 2079 1838 2109 1941 2203 1797 1763 1899 2019 2011 1997 2122 2123 1668 2133 2094 1983 2038 1996 1837 2051 1947 2273 1808 2009
2161 2280 2175 2251 2417 2044 2405 2324 2049 2014 2263 2084 2306 2339 2019 2207 2472 2002 2053 2352 2083 1829 1978 2338 1930 2040 2128 2050 1824 1949 1859 2498 2285 1992 2270 2211 2320 2185 1998 2187 2039 2258 2235 1796 2396 2214 2122 2333 2181 2222 1898 2508 2399 2320 2077 2064 2057 2024 2023 2212 1891 2216 2013 2009 2130 1999 2088 1952 2089 1821 2230 2170 1753 1898 2312 2110 2092 2242 2107 2482 2000 2217 2122 2023 2123 2170 2109 2274 2008 2157 2439 2152 2213 2106 2141 2025 2092 2248 2083 2086
2211 2190 1989 2160 2573 1903 2383 2205 2100 2139 2211 2108 2076 2194 1920 2354 2424 2024 2167 2161 2114 1840 1948 2313 2132 2029 2270 2053 1942 2212 1941 2352 2356 2161 2437 2165 2420 2058 2047 2228 2040 2244 2284 2081 2544 2201 2380 2326 2198 2351 1858 2546 2342 2266 1949 1951 1996 2292 2134 2138 1899 2270 2023 2081 2163 1980 2319 2101 2272 1814 2249 2166 1790 2099 2508 2129 1935 2324 2226 2620 1998 2112 2157 2151 2316 2199 2157 2257 1914 2056 2370 2040 2384 2231 2079 2070 2299 2458 2203 2162
2182 2248 2095 2003 2358 1937 2259 2222 2064 2076 2104 2190 2052 2242 1839 2233 2372 1954 2116 2248 2099 1865 2049 2297 1960 1878 2101 2165 1821 1962 1948 2390 2343 2027 2132 2132 2267 2121 1987 2212 2021 2169 2266 1728 2360 2132 2142 2468 2184 2288 1910 2464 2231 2194 1933 1980 2077 2089 1965 2049 1932 2317 1947 1888 2085 2081 2175 1919 2202 1843 2124 1960 1817 2024 2399 1924 2031 2283 2092 2385 1851 1894 2116 2020 2202 2209 2211 2094 1864 2295 2405 2135 2192 2064 2188 2114 2005 2331 1887 2117
2260 2441 2089 2096 2559 2112 2381 2405 2116 2319 2394 2264 2272 2264 1916 2552 2548 2263 2118 2322 2236 1903 2254 2411 2175 2110 2269 2227 1865 1909 2005 2448 2632 2146 2361 2402 2383 2108 2152 2350 2091 2320 2425 2019 2420 2154 2355 2349 2231 2302 1939 2703 2082 2367 2041 2206 2273 2154 2080 2150 1873 2200 2084 2097 2306 2129 2369 2222 2305 1821 2252 2147 1985 2295 2527 2075 2062 2457 2324 2611 1901 2056 2250 2177 2263 2341 2422 2259 2027 2304 2363 2134 2231 2298 2148 2260 2274 2424 2211 2358
2144 2193 1872 2154 2411 1947 2274 2323 2137 2048 2221 2116 2119 2253 2035 2207 2352 1995 2097 2224 2121 1869 1937 2268 2070 2016 2226 2071 1932 1793 1753 2348 2361 1957 2149 2205 2170 2134 1921 2199 1950 2194 2194 1966 2499 2099 2153 2442 2111 2225 1890 2404 2239 2297 1885 2058 1992 2237 1945 2126 1811 2338 1867 1882 2215 2008 1934 1912 2089 1860 2199 2023 1763 2119 2286 1942 2076 2180 2128 2387 1918 2016 2047 2094 2314 2086 2201 2283 1969 1965 2497 2079 2285 2162 2122 2041 2120 2369 2006 2211
2034 2173 2038 2011 2254 1970 2266 2317 2122 1953 2152 1999 2123 2253 1827 2222 2481 1800 1970 2230 2041 1670 2075 2341 1940 1770 2104 2077 1815 1888 1892 2174 2176 1724 2107 2124 2095 2014 1988 2068 1963 2197 2161 1680 2262 2122 2189 2280 2020 2108 1836 2417 2271 2179 1954 1996 1932 1889 1953 2110 1796 2092 1950 1854 2136 1946 1958 1967 2058 1706 2221 1958 1616 1981 2274 1762 1853 2118 2146 2348 1646 1993 2003 1878 2035 2156 2243 1992 1878 2253 2322 2020 2117 2132 2008 1982 1948 2050 2135 2163
2054 2049 1983 1989 2265 1860 2177 2089 2130 1933 2004 2081 2064 2101 1801 2145 2231 1909 1848 2126 2036 1627 1817 2212 1936 1879 1980 1940 1958 1918 1826 2202 2123 2017 2052 2064 2145 2148 1931 2166 1928 2267 2072 1724 2245 2166 2198 2391 2138 2156 1861 2353 2164 2286 2099 1960 1715 2044 2045 1947 1874 2190 1991 1969 2132 1967 2068 1995 2064 1629 2121 2057 1642 2074 2332 1944 1976 2175 2058 2348 1881 1875 2082 2070 2123 2069 2080 2136 1812 2168 2269 1868 2153 2134 2020 2092 1997 2274 2109 2065
2025 2100 1819 2006 2365 1940 2081 2078 1853 1988 2061 2026 1957 2196 1922 2159 2003 1895 1995 1988 1775 1705 1844 1960 1823 1754 2014 1997 1647 1780 1726 2192 2133 1854 2167 2071 2050 1839 1836 2106 1787 1955 2101 1734 2293 1978 2173 2186 2097 2092 1799 2233 2060 2007 1875 1789 1808 1986 1939 1961 1859 2056 1836 1731 1924 1958 1872 1969 2051 1713 2020 1840 1563 2039 2326 1910 1890 2114 2155 2375 1760 1847 2168 1979 1957 1991 2035 2122 1801 2073 2062 2042 2024 1875 2015 2001 1822 2178 1844 1990
2445 2448 2288 2427 2618 2179 2534 2578 2338 2241 2295 2469 2362 2427 2122 2498 2497 2216 2228 2362 2203 1790 2106 2597 2266 2117 2162 2186 2001 2194 2030 2491 2559 2277 2449 2378 2482 2328 2250 2418 2232 2411 2451 1945 2511 2237 2375 2621 2348 2421 1975 2678 2473 2504 2273 2241 1978 2394 2194 2303 2192 2342 2216 2112 2379 2318 2170 2150 2201 1930 2287 2355 1862 2180 2453 2396 2292 2425 2422 2659 2153 2233 2325 2198 2367 2396 2302 2335 2093 2272 2500 2369 2380 2316 2249 2102 2250 2573 2254 2345
2171 2212 2059 2255 2530 1839 2224 2291 2026 2075 2002 2209 2141 2212 1959 2293 2243 2018 2018 2222 1937 1766 1705 2493 2038 2000 2107 1985 1875 2008 1628 2330 2444 2040 2263 2088 2206 2068 2205 2348 1676 2046 2244 1711 2386 2091 2134 2203 2348 2273 1887 2467 2068 2297 2150 2084 1814 2089 2073 2060 1889 2125 2134 1913 1930 2137 1990 1995 2128 1776 2107 1937 1876 2084 2218 2157 2126 2264 1852 2442 1967 1983 2113 2199 2157 2028 2101 2263 1804 2201 2313 2048 2382 2079 2030 2223 2062 2453 2050 2200
1912 2011 1774 1789 2267 1568 1875 1901 1895 1821 1698 1726 1900 2074 1623 1892 1992 1746 1772 1749 1840 1695 1634 1974 1946 1844 1818 1770 1598 1690 1703 2144 1877 1731 2021 1755 1998 1950 1739 1905 1761 1885 1942 1464 2042 1822 1982 1967 1761 2031 1723 2136 1825 1926 1747 1824 1590 1922 1644 1785 1686 1803 1842 1620 2029 1832 1777 1806 1927 1631 1903 1802 1663 1786 2009 1826 1948 1994 1834 2200 1571 1636 1764 1940 1900 1885 2025 1847 1578 1892 2150 1805 1849 1808 1759 1802 1945 2142 1858 1964
2386 2245 2157 2051 2420 1889 2270 2312 2030 1991 2021 2159 2153 2155 1794 2325 2316 1938 2135 2226 2089 1778 1948 2466 2084 1934 1983 1941 1843 1978 1892 2230 2391 2047 2213 2296 2315 2030 1919 2075 1967 2316 2178 1798 2401 2144 2238 2315 2273 2308 1763 2405 2196 2151 1946 1983 2022 2215 2083 1923 1973 2357 1856 1964 2118 2094 2140 2043 2252 1747 2106 2020 1742 1953 2163 2052 1963 2408 2086 2380 1793 1980 2144 1879 2185 2122 2186 2130 1852 2170 2193 2099 2259 2177 2000 1959 2022 2479 2158 2359
2101 2137 1900 2005 2291 1930 2015 2064 1957 1969 1968 1982 2002 2189 1867 2210 2237 1867 1902 2024 2015 1696 1656 2144 1824 1810 2050 1982 1818 1854 1720 2226 2114 1788 2148 1940 2022 1989 1769 2168 1863 2042 2079 1614 2202 2066 2104 2380 2063 2137 1838 2290 2210 2159 1852 1839 1811 1899 1856 1918 1798 2085 1920 1857 2065 1869 2027 1992 2156 1756 2130 1796 1662 1958 2287 1903 2070 2122 1972 2261 1853 1900 1972 1970 2020 1947 2042 2143 1643 2035 2106 1882 2034 2067 1962 1781 2077 2257 1883 2156
2350 2198 2156 2090 2501 1902 2282 2357 2061 2149 2233 2189 2133 2305 1840 2241 2356 1951 2209 2136 2084 1770 1955 2442 2116 1853 2184 2096 1822 2029 1987 2466 2457 2023 2086 2262 2275 1901 2144 2028 1998 2142 2232 1761 2326 2219 2224 2338 2264 2371 1918 2607 2085 2291 2029 1943 2099 2227 2137 2089 1829 2304 2084 1975 2091 2062 2239 2013 2073 1788 2130 2354 1784 2138 2403 2257 2182 2291 2055 2518 1843 2005 2323 2067 2181 2296 2079 2340 2045 2153 2342 2122 2389 2083 2300 2095 2150 2413 2093 2192
2018 2036 1680 1625 2036 1705 1974 2027 1754 1827 1675 1960 1845 1835 1696 2043 2036 1638 1786 1886 1609 1644 1663 2030 1736 1685 1814 1756 1598 1726 1553 2093 2136 1611 1900 1843 1841 1797 1832 1972 1600 1992 1980 1636 2045 1852 1984 2057 1889 1934 1710 2159 1905 2007 1789 1729 1627 1894 1611 1830 1754 1811 1652 1820 1800 1731 1792 1683 1795 1501 1887 1751 1526 1719 1985 1799 1680 1976 1813 2050 1567 1696 1871 1795 1664 1929 1741 1904 1720 1791 1833 1733 1982 1991 1882 1786 1991 2091 1845 1951
2309 2306 2149 2282 2642 1902 2336 2378 2233 2063 2195 2313 2208 2357 2011 2514 2390 2117 2021 2374 2220 1814 2050 2577 2247 2180 2158 2083 2179 2094 1949 2358 2551 2248 2280 2228 2347 2287 2241 2493 2207 2263 2435 1985 2330 2076 2339 2625 2387 2453 2011 2629 2290 2395 2115 2210 2075 2161 2101 2175 2149 2205 2095 2044 2291 2252 2137 2258 2217 1815 2322 2306 1979 2055 2391 2119 2171 2293 2144 2580 2102 2073 2326 2257 2376 2236 2359 2288 1943 2343 2363 2163 2423 2249 2151 2256 2300 2649 2199 2298
2122 2240 2027 2109 2340 1933 2199 2028 1943 1948 2069 2149 2032 2136 1902 2247 2184 1851 1943 2046 1768 1686 1896 2237 2007 1804 2016 2009 1796 1883 1837 2235 2169 2032 2052 2063 2116 1942 1847 2068 1969 2290 2125 1711 2203 1988 2063 2399 2085 2337 1924 2427 2091 2357 1943 1926 1842 1992 1973 2079 1964 2122 2022 1835 2218 2096 2021 1967 2082 1701 2052 2017 1694 2081 2272 1842 1967 2202 2105 2305 1895 1806 2113 1872 2230 2046 1990 2073 1805 2126 2285 1915 2195 1822 2142 1934 2002 2299 1978 2220
2040 2047 1930 2061 2418 2072 2174 2103 1839 2050 2186 2012 1971 2234 1883 2147 2198 1932 1936 2040 1885 1672 1764 2220 1860 1919 2125 1998 1676 1814 1812 2154 2353 1807 2144 1986 2118 1976 1872 2129 1760 2047 2091 1568 2122 2125 2095 2116 2046 2170 1793 2448 2044 2238 1966 1916 1958 1954 1937 1927 1726 2014 1917 1959 1938 1780 2015 2055 2150 1724 2120 1924 1735 1973 2223 2053 2003 2141 1921 2421 1756 1814 2031 1893 2000 2031 2103 2076 1763 2038 2283 2026 2210 2021 2086 2030 1943 2228 1886 2088
2083 2157 1865 1933 2225 1756 1949 1968 1762 1853 1907 1942 1855 2100 1846 1942 2146 1740 1850 2143 1851 1720 1769 2031 1877 1856 1852 1800 1552 1671 1760 2088 2098 1793 1900 1886 1936 1951 1794 2026 1738 1963 2021 1656 2037 1945 1867 2221 1897 2043 1627 2198 1943 1922 1744 1856 1800 1876 1829 2017 1644 1898 1849 1713 1977 1788 1704 1712 1948 1595 2120 1938 1696 1720 1964 1775 1673 2080 1969 2177 1661 1782 2015 1808 1738 1912 1884 1897 1638 2058 2117 1849 1975 1946 2007 1799 1882 2190 1883 1912
2067 1779 1805 1943 2337 1753 2070 2170 1827 1866 1984 1979 1934 1934 1726 1929 1961 1724 1743 1864 1890 1680 1587 2028 1784 1829 1887 1714 1721 1669 1705 2132 2028 1749 2050 1803 2098 1921 1878 1854 1920 1843 1993 1729 2032 1841 1942 2046 1920 1965 1544 2099 2045 2072 1783 1868 1548 1944 1828 1809 1645 2007 1612 1817 1816 1630 1851 1829 1762 1521 1934 1923 1576 1987 2204 1963 1944 1941 1780 2285 1792 1584 1965 1992 1930 1990 1904 1903 1704 1930 2014 1857 2038 1783 1762 2008 1815 2208 1835 1985
2258 2197 2069 2183 2543 1960 2295 2068 2067 2093 2273 2199 2079 2313 2011 2307 2339 1949 2148 2236 2145 1773 1928 2415 1981 2057 2077 2089 1897 1967 1757 2339 2326 2010 2201 2316 2290 2156 2016 2219 1970 2119 2341 1788 2311 2130 2120 2367 2169 2229 1888 2492 2199 2218 1838 2159 1930 2184 1972 2227 1866 2180 2061 1844 1996 1981 2014 2087 2167 1808 2163 2079 1819 2123 2395 1996 2014 2148 2199 2388 2050 1935 2153 2077 2172 2104 2322 2201 1846 2155 2277 2203 2055 2134 1959 2123 2151 2401 2064 2254
2103 2051 1918 2125 2526 1860 2121 2165 1950 1927 2062 2201 2003 2201 1654 2072 2213 1860 1976 2031 2049 1700 1879 2287 1860 1887 2005 1816 1734 1926 1684 2287 2445 1883 2120 1941 1921 1969 1987 2132 1829 2090 2143 1705 1948 2036 2144 2231 2174 2210 1848 2372 2153 2354 2066 1829 1878 2043 1839 2041 1834 2086 1938 1895 2018 1877 1849 1964 2111 1683 2118 2120 1767 1912 2126 2020 1989 2199 1960 2239 1816 1985 1992 2019 2237 1864 1987 2181 1715 2101 2049 1946 2140 2011 1963 2023 2102 2346 1977 2266
2193 2323 1998 2022 2237 1798 2265 1983 1876 1968 2076 2301 2134 2068 1915 2065 2329 1792 2004 2173 2040 1684 1807 2356 1982 1915 2140 1969 1792 2050 1786 2277 2018 2006 2091 2085 2275 1927 2066 1967 2079 2291 2177 1816 2297 2165 1999 2206 2141 2462 1975 2432 2037 2187 1847 1760 1752 1934 2023 2017 1883 2100 2029 2070 2067 2057 2107 1999 1967 1821 2067 2006 1749 2005 2220 2142 1935 2140 2008 2354 1847 1816 2041 2007 2033 2172 2039 2069 1841 2129 2342 2156 2209 2027 2033 1956 2104 2398 2180 2125
1660 1982 1763 1849 2097 1720 2046 2012 1672 1740 1911 1801 1818 1899 1582 1995 2115 1787 1765 1936 1939 1503 1880 1931 1617 1594 1916 1769 1699 1738 1768 2051 2128 1661 1892 1938 2061 1764 1916 1872 1675 1731 1957 1546 1981 1971 1909 1906 1937 1895 1606 1993 2032 1953 1863 1883 1611 1784 1775 1899 1661 1829 1649 1766 1767 1732 1776 1660 1838 1527 1935 1713 1584 1739 2044 1717 1731 2006 1829 2107 1627 1790 1807 1871 1779 1895 1867 1924 1550 1970 2074 1746 1819 1957 1841 1865 1694 1889 1830 1821
2073 2140 2022 2060 2236 2017 2207 2212 1970 2087 2015 2260 2123 2115 1897 2389 2343 1913 2042 2188 1883 1621 1908 2266 2008 1922 2076 1959 1925 1837 1849 2309 2327 1967 2262 2134 2188 2115 2076 2292 1997 2174 2193 1668 2253 2040 2085 2372 2203 2241 1813 2621 2081 2338 1901 2077 1756 1993 1990 1881 1653 2111 2010 1972 2029 1969 2080 2020 2044 1733 2255 1976 1771 2202 2274 2041 2183 2166 2151 2597 1788 1859 2219 1998 2185 2102 2076 2042 1896 2171 2272 1967 2182 2098 1942 2087 2023 2403 2062 2161
1975 1923 1794 1984 2176 1943 2078 1949 1821 1774 1898 1943 1857 1896 1569 1991 2139 1745 1899 1912 1749 1549 1666 1987 1639 1735 1893 1810 1617 1692 1719 2017 2227 1772 1864 1945 2099 1692 1911 1855 1693 1921 2037 1743 2041 1989 2105 2026 2015 1936 1604 2278 2114 1977 1747 1699 1814 1994 1832 1716 1731 1970 1668 1828 1761 1717 1919 1849 2022 1634 2033 1963 1574 1800 2110 1900 1738 1994 2001 2159 1610 1721 1817 1740 1882 1905 1940 1929 1569 2069 2009 1872 2072 1906 1932 1729 1799 2234 1831 1818
2035 2047 1834 1902 2366 1759 2079 2174 1854 2016 2078 1982 1882 2077 1765 2118 1940 1875 2028 1858 1861 1615 1926 2073 1767 2049 2004 1866 1909 1720 1691 2148 2126 1774 2136 2112 2034 1952 1797 1908 1870 2071 2037 1737 2037 1984 2170 2037 1944 2077 1646 2233 2073 1976 1865 1865 1753 2111 1888 1891 1801 2072 1739 1722 1933 1799 1966 1762 2005 1565 2099 1938 1595 1955 2207 1912 1917 2281 1956 2340 1599 1804 2113 1948 1930 2102 2113 1994 1608 1966 1917 1972 2000 1859 1883 2000 1924 2172 1855 2091
2020 2209 2017 2054 2284 1911 2277 2319 2043 2115 2197 2051 2178 2159 2011 2093 2445 1893 2082 2064 2014 1829 1866 2300 1879 2013 2181 2119 1870 1989 1794 2429 2157 1831 2181 2062 2150 1992 2110 2106 2099 2193 2187 1699 2312 2094 2116 2226 2028 2279 1962 2535 2184 2174 1972 2104 1782 1985 1951 1945 1859 2151 2052 1864 2089 1998 2077 1977 2112 1819 2184 1915 1918 2082 2249 1888 2030 2166 2056 2388 1796 1965 1863 2080 2025 2112 2173 2033 1811 2170 2121 1912 2115 2078 1995 1989 2160 2420 1979 2258
2056 2057 1788 1903 2236 1716 1987 2174 1875 2003 2043 1997 1931 2025 1877 2127 2167 1732 1992 2024 2080 1586 1776 2120 1989 1959 2007 1965 1765 1915 1704 2234 2218 1905 2085 1891 2254 2062 1958 2001 1977 1835 2031 1805 2192 1961 1994 2239 2062 2090 1778 2284 2088 2085 1886 1899 1647 1996 1904 1976 1783 1888 1937 1691 1830 1961 1801 1911 1947 1669 2082 1966 1677 2076 2150 1911 2004 2083 1944 2229 1843 1818 2054 2047 2026 2001 2135 2036 1793 2008 2045 1958 2048 1964 2007 2039 1895 2143 1853 1943
2063 2179 1921 2162 2304 1900 2007 2009 1887 1888 1980 2059 2045 2087 1725 2136 2254 1943 2119 2032 2007 1619 1778 2155 2079 1809 1993 1906 1557 1957 1936 2274 2161 2091 2009 1875 2304 2005 1867 2004 1900 1913 2024 1713 2186 1983 2112 2270 2043 2263 1864 2302 2098 2126 1790 1912 1799 2067 1840 2075 1809 1923 1956 1820 2051 1839 1980 2032 2039 1692 2090 2067 1708 2124 2309 1988 1895 2053 2108 2257 1739 1719 2110 2021 2005 2009 2174 1903 1582 2045 2343 1895 2200 2066 2000 1972 1892 2267 2079 1887
1998 2094 1831 2104 2420 1802 2160 2142 1907 2026 2086 2059 2078 2061 1776 2000 2185 1803 1821 2177 1835 1711 1941 2237 1841 1863 2078 1842 1728 1775 1758 2237 2202 1915 2138 1968 2006 2055 1936 2117 1969 2045 2049 1654 2216 1906 2031 2200 1923 2037 1681 2377 1983 2122 1816 1957 1838 2096 1690 2095 1676 2097 1782 1943 2079 1724 1992 1862 1840 1658 2038 2090 1609 2012 2096 1943 1834 2061 1940 2492 1682 1852 2138 2063 2108 1991 1927 2094 1793 1938 2261 1976 2091 2010 2002 2031 2053 2229 2022 2006
2112 2095 1929 1929 2173 1785 2085 2153 1956 1915 2109 2012 1966 2153 1677 2128 2233 1894 1811 2077 1889 1623 1894 2062 1912 1800 1962 1812 1769 1739 1733 2059 2220 1852 2045 1901 2058 1881 1806 2126 1921 1907 2145 1557 2047 1815 2106 2251 2000 1958 1714 2276 2098 2118 1834 1845 1780 1847 1813 2050 1706 1806 1780 1718 1804 1868 1759 1942 1968 1564 2159 2053 1755 1946 2204 1790 1799 1939 1970 2311 1684 1884 2073 1898 1950 1855 1964 1996 1802 2074 2149 1828 2047 2033 1858 1921 1985 2129 1901 2006
1996 2200 1886 1936 2202 1784 2030 1939 1728 2010 1955 1999 1937 2091 1774 2113 2183 1902 1907 2025 1831 1579 1797 2047 1882 1724 1909 1859 1702 1756 1752 2185 2203 1963 2021 2012 1968 1996 1797 2149 1720 1999 1996 1527 2191 1908 2038 2154 2065 1964 1762 2186 1913 2005 1840 1864 1804 2166 1738 1994 1835 1941 1860 1916 1997 1704 1938 1902 1995 1693 2009 1929 1735 1950 2162 1921 1851 1969 1968 2375 1640 1790 1907 1947 2153 1878 1946 2030 1745 1846 2078 1852 1987 2079 1981 1754 2091 2247 2046 2062
2027 2005 1704 1986 2107 1721 2006 1945 1730 1829 1848 1811 1701 1995 1650 2049 1873 1795 1971 1888 1825 1521 1488 2129 1766 1733 1846 1792 1600 1700 1708 2186 2040 1852 1908 1704 1987 1771 1751 1812 1447 1740 1911 1536 2065 1992 1862 2086 1867 1967 1757 2049 1984 2055 1732 1814 1676 1849 1719 1769 1552 1801 1768 1499 1817 1829 1761 1716 1807 1543 1847 1779 1583 1760 1929 2018 1809 1888 1701 1935 1700 1742 1732 1778 1757 1980 1929 1904 1468 1869 1959 1815 1923 1953 1803 1794 1848 2050 1716 1831
2308 2475 2223 2195 2595 2050 2428 2246 2085 2113 2227 2241 2240 2247 2000 2192 2461 2174 2084 2252 2159 1778 2226 2271 2147 2063 2212 2109 1973 2019 2080 2503 2504 2139 2268 2268 2297 2175 2161 2293 2168 2225 2385 1836 2347 2331 2333 2377 2272 2374 1948 2591 2252 2312 2136 2001 2014 2182 2121 2063 1993 2205 1764 2025 2096 2168 2033 2178 2289 1728 2334 2392 1957 2139 2375 2200 1982 2424 2186 2520 1844 2033 2238 2195 2122 2169 2177 2221 1776 2295 2226 2038 2275 2302 2223 2191 2103 2537 2262 2338
2342 2417 2161 2201 2415 2154 2349 2306 2056 2265 2310 2264 2080 2304 1966 2368 2365 2052 2171 2210 2047 1833 2054 2375 2038 1979 2343 2025 1853 2057 1934 2457 2421 2057 2272 2225 2388 1970 2165 2160 1913 2253 2310 1959 2487 2346 2334 2296 2325 2543 2025 2621 2271 2414 2030 2057 1987 2266 2059 2062 2004 2176 1990 2073 2171 2028 2191 2155 2247 1829 2302 2166 1974 2150 2406 2183 2019 2284 2171 2524 1843 2081 2222 2081 2146 2210 2235 2228 1943 2407 2327 2151 2280 2190 2261 2088 2228 2508 2091 2262
2264 2254 2063 2054 2409 2124 2251 2264 1899 1928 2041 2191 1897 2117 1767 2358 2414 2018 2084 2333 2079 1897 2051 2198 2166 1888 1986 2151 1917 2006 1841 2318 2462 2076 2099 2218 2303 2097 2002 2237 1900 2079 2461 1839 2395 2235 2194 2380 2060 2406 1904 2553 2221 2152 1933 2090 1980 2025 2064 2019 1862 2047 1962 1857 1986 2187 2105 2165 2130 1713 2151 2161 1767 1855 2328 2218 2048 2123 2294 2390 1907 1980 2238 2101 2234 2138 2154 2216 1926 2222 2159 1862 2123 2173 1986 2118 2177 2445 2192 2222
2187 2028 2046 2102 2219 1681 2163 2204 2074 2048 1957 2063 2241 2064 1616 2221 2216 1694 2049 2003 2062 1618 1848 2268 1997 1902 1966 1891 1891 1950 1807 2175 2330 1939 2052 1991 2273 1892 1921 2006 1797 1954 2181 1899 2311 2040 2055 2152 2237 2072 1738 2312 2167 2093 1876 1950 1851 1931 1812 1958 1868 2001 1997 1802 1894 1887 1980 1975 1921 1616 2104 2075 1592 1978 2201 1903 2058 2196 1967 2333 1910 1992 2054 1958 2040 2099 2158 2087 1762 2085 2287 1980 2208 2126 2010 2017 2019 2305 1802 2086
2386 2477 2336 2277 2640 2108 2356 2564 2113 2217 2388 2307 2371 2486 2113 2386 2668 2137 2354 2318 2360 1890 2024 2552 2156 1984 2347 2257 1820 2119 2079 2603 2551 2130 2428 2288 2456 2209 2219 2345 2180 2265 2517 2024 2562 2352 2265 2410 2365 2509 2052 2723 2314 2388 2164 2149 2132 2321 2068 2240 2038 2359 2242 2117 2287 2247 2160 2236 2257 2012 2186 2217 2040 2275 2373 2273 2229 2441 2266 2605 1946 2266 2305 2390 2231 2269 2391 2444 2013 2408 2440 2201 2368 2411 2384 2191 2318 2680 2235 2402
1801 2065 1742 1926 2172 1621 1955 1914 1888 1917 1800 1967 1815 1917 1603 2005 2163 1726 1714 1951 1775 1589 1739 2098 1742 1723 1879 1782 1738 1697 1555 2157 2133 1778 2008 1817 1765 1779 1818 1918 1850 2101 1977 1578 1949 1895 2042 2136 1957 2047 1716 2167 1902 2021 1769 1926 1815 1792 1694 1856 1611 1931 1716 1858 1959 1727 2008 1826 1886 1605 1901 1820 1639 1859 2161 1801 1836 1951 1816 2193 1631 1635 1854 1946 1995 1908 1874 1907 1752 1909 2052 1936 1880 1822 1781 1987 2001 2099 1867 1995
2034 2076 1865 2037 2404 1921 2220 2049 2031 1969 2177 2037 1938 2180 1936 1983 2097 1899 1973 2174 1942 1699 1781 2167 1958 1937 2110 1901 1731 2000 1684 2392 2326 2025 2262 1910 2187 2017 1955 2146 1862 2053 2042 1683 2279 2135 2148 2136 1931 2138 1824 2372 2274 2268 1990 1902 1884 2220 1870 2007 1754 2112 1750 1970 1885 1961 1964 1991 2080 1741 2116 1979 1761 1994 2134 2091 1953 2078 1970 2442 1768 1891 2001 1974 2087 1915 2036 2133 1735 1964 2115 2020 2174 1980 1992 2039 2014 2326 1982 2089
2096 2127 1978 1934 2255 1910 1986 1937 1907 1942 1951 1835 1905 2138 1780 2072 2119 1719 1946 2111 1860 1706 1728 2171 1918 1773 1871 1874 1583 1794 1614 2312 2149 1821 1989 1917 2048 2025 1917 1966 1634 2116 2011 1471 2164 1972 2023 2201 2064 2097 1773 2262 1921 2091 1831 1960 1662 1982 1856 2053 1706 1897 1956 1660 1910 1914 1873 1839 1995 1617 1994 1823 1704 1803 2052 1933 1933 1929 1942 2205 1701 1849 1996 1909 1965 1918 2008 1985 1722 2031 2162 1833 2012 1897 1846 1898 1842 2070 2035 1854
1857 1896 1691 1754 2023 1640 1797 1950 1667 1805 1776 1873 1844 1862 1624 1713 1901 1693 1701 1955 1850 1441 1652 1959 1728 1815 1779 1589 1645 1509 1579 2029 1897 1538 1766 1744 1959 1773 1654 1870 1723 1804 1828 1473 1954 1802 1749 2151 1809 1884 1601 1927 1885 1951 1700 1677 1600 1845 1548 1865 1560 1749 1682 1587 1766 1641 1600 1625 1684 1344 1914 1842 1551 1854 1902 1699 1768 1901 1761 1979 1553 1542 1818 1841 1755 1914 1839 1928 1621 1806 2042 1760 1795 1803 1976 1832 1783 1995 1733 1781
2165 2295 2105 2072 2582 1887 2067 2402 2195 2211 2207 2132 2279 2216 2040 2159 2294 1999 2198 2349 2200 1913 1907 2463 2091 2219 2318 1979 1889 2051 1899 2524 2456 2265 2277 2199 2214 2162 2106 2185 2071 2318 2192 2010 2349 2046 2402 2290 2187 2403 1986 2586 2166 2342 2028 2200 1918 2233 2152 2131 1884 2309 2013 2164 2340 2167 2187 2190 2234 1897 2212 2143 1793 2079 2504 2140 2077 2238 2114 2448 1990 1995 2201 2162 2295 2122 2311 2350 2025 2152 2347 2078 2360 2128 2128 2205 2161 2374 2223 2209
2248 2338 2037 2021 2447 1927 2180 2345 2106 2084 2196 2187 2165 2317 1941 2305 2424 1887 2145 2177 2005 1803 1932 2327 2055 2039 2099 2057 1932 1951 1990 2224 2347 2073 2060 2122 2208 2048 2053 2113 2048 2110 2342 1872 2232 2094 2291 2204 2156 2273 1804 2491 2122 2163 1949 1964 1813 2048 2053 2057 1995 2079 2031 1971 2073 1900 2057 2094 2072 1817 2246 2166 1737 2035 2356 2125 2006 2204 2203 2639 1966 1877 2331 2052 1950 2302 2243 2151 1784 2146 2232 2070 2194 2138 2047 2057 2012 2495 2099 2222
2081 2128 2010 2138 2504 1837 2307 2095 1942 1863 2130 2116 2032 2121 1875 2327 2165 1824 1780 2153 1917 1719 1835 2180 1993 1909 1779 2001 1768 1874 1783 2190 2418 2059 1944 2101 2093 2056 2036 2295 1847 2089 2164 1728 2094 1883 2141 2177 2129 2158 1863 2372 2027 2108 1965 1923 1875 1940 1896 1932 1806 2053 1857 1892 1946 1882 1949 1954 2026 1676 2186 1937 1708 2027 2121 1857 1914 2247 1929 2440 1871 1811 2144 1928 2034 2082 2174 1954 1723 2051 2131 1944 2154 2084 1998 2102 1888 2163 2068 2073
2221 2188 1959 2019 2161 1877 2267 2193 2062 2021 2152 1934 2094 2088 1783 2150 2232 1702 2076 2125 2033 1742 1915 2259 2002 1854 1970 2112 1816 2007 1760 2301 2244 2070 2047 1929 2137 1966 1971 1859 1919 2167 2205 1830 2157 2118 2193 2254 2038 2264 1709 2428 2184 2224 1841 1834 1936 1927 2003 2019 1909 2168 1803 1734 2052 1961 2051 2034 2049 1649 1973 2172 1698 1938 2094 2018 1953 2014 2043 2418 1693 1982 2176 1800 2056 2183 2090 1925 1739 1976 2187 2016 2228 1951 1935 1888 2083 2332 2037 2032
2277 2482 2164 2242 2573 2044 2411 2087 2164 2158 2235 2089 2131 2285 2027 2199 2489 1972 2235 2290 2010 1794 2084 2313 1990 1949 2223 2242 1911 2076 2118 2544 2401 2056 2168 2289 2206 2126 2195 2332 1962 2255 2424 1751 2330 2386 2411 2443 2205 2295 2021 2578 2316 2437 1947 2076 2055 2188 1997 2247 1957 2281 2015 1993 2119 2140 2252 2148 2258 1763 2293 2253 1810 2116 2563 2085 2003 2306 2257 2629 1828 2104 2382 2190 2041 2356 2330 2222 1896 2255 2416 2046 2151 2247 2234 2262 2352 2436 2296 2361
2019 2052 1951 2018 2243 1879 2106 2114 2033 1785 1980 2018 1773 2002 1831 2134 2049 1741 1856 2148 1875 1545 1764 2201 1864 1766 1952 1751 1649 1909 1665 2148 2212 1820 1902 1980 1944 1987 1796 2118 1759 1939 2004 1524 2074 1971 1999 2203 1941 2174 1861 2338 2160 2306 1954 1747 1753 2018 1751 1981 1723 2026 1883 1779 2088 1844 1899 1825 1897 1580 2005 1854 1564 1929 2051 1690 1830 2030 2033 2073 1673 1647 1933 1893 1944 1942 2084 1994 1659 2104 2050 1828 2105 1907 1989 1739 1863 2152 2063 1970
2195 2270 1988 2314 2461 1872 2283 2435 2064 2067 2116 2253 2230 2302 2005 2408 2446 1983 2060 2259 2028 1894 1973 2443 2227 2104 2190 1991 1979 1943 1898 2396 2480 2055 2318 2216 2283 2136 2246 2233 2044 2206 2345 1846 2386 2171 2191 2365 2165 2283 1965 2663 2137 2309 2032 2130 1921 2084 2053 2087 1719 2162 2034 1873 2248 2245 2071 2056 2060 1869 2430 2178 1784 2165 2333 2091 2085 2403 2159 2701 1989 1989 2298 2083 2347 2182 2162 2102 1904 2235 2306 2149 2364 2063 2050 2230 2109 2420 2147 2257
2450 2687 2195 2531 2747 2198 2520 2666 2368 2220 2431 2427 2350 2626 2213 2505 2752 2242 2282 2581 2391 1929 2076 2719 2319 2171 2404 2229 2007 2140 2005 2657 2709 2368 2416 2372 2505 2230 2385 2418 2265 2484 2560 2111 2586 2492 2447 2595 2370 2592 2021 2759 2519 2504 2295 2188 2157 2251 2304 2356 2144 2390 2147 2107 2449 2454 2163 2465 2442 2052 2399 2483 1967 2228 2575 2464 2228 2517 2354 2741 2144 2342 2376 2410 2373 2352 2374 2524 1954 2408 2620 2469 2442 2339 2225 2223 2413 2851 2320 2545
2012 2202 1856 2062 2218 1890 1975 2018 1961 1971 2092 2126 2066 2198 1746 2079 2319 1976 2028 2040 2125 1626 1919 2150 1950 1785 2062 1868 1754 1778 1865 2289 2284 2112 2014 1898 2132 1789 1942 2184 1977 1971 2150 1656 2221 2081 2103 2223 2066 2101 1657 2326 2115 2183 1996 1941 1891 2118 1936 1951 1780 2242 1890 1995 1975 1945 1922 2046 2054 1736 2176 1989 1730 2047 2203 2038 2172 2038 2083 2412 1761 1981 2050 2010 2272 1980 2044 2110 1751 2027 2247 1908 2090 2054 1938 1885 2096 2356 1875 2084
1931 1939 1810 2028 2187 1748 2158 2034 1708 1904 2037 2007 1975 1912 1820 1981 2083 1962 1955 1988 1961 1607 1752 2113 1843 1881 1986 1832 1660 1730 1621 2237 2183 1901 1945 2020 2184 1839 1835 1884 1789 1963 1962 1644 2061 1939 1822 2085 1897 2028 1642 2264 2004 2080 1787 1838 1815 1926 1889 1921 1638 2026 1673 1857 1870 1888 1953 1841 1853 1569 2050 1915 1601 1990 2059 1844 1784 2171 1926 2153 1770 1684 1990 1789 1848 1976 1942 1926 1666 1922 2101 1861 2086 1848 1972 1847 1795 2057 1826 1951
2245 2195 2020 2235 2383 2062 2288 2408 2228 1931 2168 2215 2095 2208 1923 2328 2327 1949 2183 2172 2029 1736 1818 2281 1979 2043 2040 1918 1954 2037 1880 2271 2290 2212 2150 2168 2292 1973 1897 2177 1939 2246 2158 1884 2465 2060 2382 2399 2250 2297 1942 2520 2290 2337 2090 1948 1936 2317 2038 1989 2018 2316 2009 2023 2150 2073 2137 2014 2005 1724 2257 1950 1675 1939 2354 2124 2113 2273 2089 2491 1851 1972 2079 1992 2139 2230 2276 2133 1867 2116 2186 2015 2402 2154 2079 2038 2066 2409 2046 2223
1892 2014 1840 2047 2150 1809 2222 2098 1785 1753 1965 1855 1898 1991 1714 2069 2041 1963 1847 2110 1929 1526 1850 2084 1825 1580 1780 1891 1584 1742 1633 2214 2211 1870 1843 2004 2105 1944 1932 1958 1558 2058 1993 1560 1968 1932 1916 1996 2072 2027 1752 2245 2013 2084 1982 1845 1866 1877 1850 1879 1733 1941 1748 1866 1920 1961 1805 1912 1884 1511 2035 1857 1678 1887 1963 2018 1776 2059 1919 2127 1623 1789 1985 1794 1809 2010 2023 2009 1633 1998 2070 1846 1965 1991 2034 1804 1770 2168 1827 2005
2118 2243 2036 2147 2406 1829 2186 2315 2078 2222 2111 2098 2137 2048 1835 2234 2405 1931 2198 2285 2154 1681 1952 2315 1988 1965 2037 1994 1930 2069 1803 2460 2511 2127 2296 2088 2386 2068 2144 2187 2084 2060 2192 1821 2240 2024 2323 2324 2129 2226 1740 2452 2313 2314 2074 2101 1832 2126 2148 2078 1738 2085 1988 1946 2080 2144 2122 2126 2114 1747 2336 2111 1664 2073 2228 2151 2170 2284 2208 2533 1926 2000 2211 2042 2105 2141 2156 2226 1922 2128 2403 1923 2196 2148 2038 1994 2159 2324 2114 2042
2157 1980 1871 1877 2314 1859 2160 1996 1838 2052 2050 2048 1940 1958 1715 2154 2109 1882 1969 2050 1920 1688 1771 2312 1896 1876 2015 1949 1810 1977 1769 2097 2312 1817 2132 1999 2265 1982 1906 2120 1833 2020 2131 1554 2224 2049 2077 2301 2024 2046 1795 2387 2046 2117 1900 1942 1993 2031 1930 2022 1786 2115 1864 1819 1893 1867 2076 1977 2138 1676 2092 1980 1573 1851 2194 1943 1851 2235 2122 2265 1824 1828 2118 2013 2002 2132 1932 1962 1858 2088 2286 1798 2143 2126 1850 2137 1956 2234 1925 2074
2350 2474 2078 2348 2487 2065 2276 2377 2029 2202 2340 2363 2126 2274 2152 2455 2569 2065 2197 2333 2247 1785 2072 2348 2068 2011 2283 2068 1968 1969 2038 2401 2683 2168 2468 2230 2355 2182 2141 2199 2034 2330 2300 2090 2408 2383 2538 2579 2285 2400 1853 2722 2270 2375 2079 2142 2023 2226 2114 2231 2046 2350 1929 2234 2302 2078 2299 2272 2346 1870 2261 2288 2001 2243 2566 2196 2154 2457 2116 2620 1950 2088 2341 2223 2190 2198 2081 2234 1956 2300 2344 2229 2327 2158 2242 2268 2111 2540 2170 2352
1727 1674 1584 1699 1858 1575 1859 1698 1611 1588 1638 1601 1774 1612 1425 1863 1853 1489 1635 1870 1562 1356 1372 1839 1677 1447 1629 1696 1334 1544 1350 1830 1879 1734 1541 1837 1911 1483 1579 1668 1565 1645 1862 1498 1877 1458 1649 1812 1733 1691 1345 1981 1613 1604 1331 1619 1544 1644 1628 1507 1455 1605 1465 1519 1468 1703 1689 1805 1619 1378 1658 1683 1285 1582 1772 1645 1477 1720 1724 1828 1480 1557 1663 1630 1747 1747 1775 1787 1468 1627 1734 1685 1782 1700 1551 1569 1561 2010 1484 1648
2195 2411 2072 2259 2477 1988 2373 2260 2123 2205 2146 2239 2213 2158 1870 2331 2345 2100 2054 2197 2171 1774 2036 2431 2023 1964 2237 2118 1931 2040 1879 2326 2334 2035 2172 2205 2333 1955 2032 2191 2053 2223 2456 1877 2486 2256 2234 2450 2275 2387 1888 2586 2222 2338 2031 1952 2003 2114 2004 2155 2010 2163 2055 1909 2230 2167 2133 2148 2229 1669 2205 2069 1769 2183 2262 1928 2007 2374 2256 2449 1824 2129 2115 2158 2145 2260 2233 2188 1866 2177 2298 2125 2274 2171 2164 1945 2109 2446 2120 2273
1954 2001 2007 2087 2273 1599 2208 2192 1970 2060 2037 2056 2105 2036 1926 2097 2149 1938 1981 2012 2018 1566 1834 2202 1939 1860 2057 1995 1836 1968 1832 2135 2410 1946 2119 2102 2091 1928 1999 2219 1875 1940 2202 1823 2085 2043 2042 2281 1987 2051 1825 2325 2072 2093 1878 1909 1913 1955 1735 1829 1717 2121 1749 1756 1977 2032 1919 1950 1972 1748 1956 1995 1747 2001 2227 1927 1953 2238 2039 2302 1912 1838 2015 2094 2175 2038 2058 2073 1685 1986 2119 2025 2025 2005 2031 2142 2020 2273 1823 2083
2014 2150 2013 2066 2293 1834 2205 2167 1846 2088 2020 2145 1995 2039 1862 2332 2146 2014 2078 2043 2045 1469 1814 2255 1880 1906 1976 1952 1834 1839 1702 2136 2464 2164 2072 2182 2058 2008 1891 2243 1717 2053 2199 1890 2213 2019 2109 2265 2092 2292 1738 2441 2031 2187 1987 1938 1994 1928 1931 1904 1827 2014 1885 1849 1906 1991 2171 2020 2004 1682 1989 1979 1706 2113 2218 1951 1875 2297 2010 2313 1837 1959 2147 2158 2103 1970 2046 2098 1647 1938 2072 1865 2219 2039 2149 2029 1947 2311 1949 2304
2054 2160 1994 2096 2312 1878 2271 2232 1820 1936 2127 2097 2141 2191 1867 2257 2533 1922 2189 2267 2144 1775 2104 2306 1985 1955 2269 2015 1908 1991 2000 2389 2288 1992 2058 2138 2348 2103 1995 2035 2057 2317 2214 1849 2271 2138 2245 2476 2103 2273 1905 2415 2330 2173 1911 2095 1881 2184 1947 2138 1918 2219 1856 1741 2118 1870 2006 1955 2045 1807 2301 2261 1708 2049 2356 1932 1890 2152 2233 2418 1887 1962 2095 1913 2134 2147 2222 2118 1805 2073 2419 2070 2115 2110 2226 2173 2136 2219 1929 1917
2292 2292 2220 2316 2479 2216 2464 2415 2270 2208 2312 2304 2197 2431 1990 2387 2341 2027 2136 2289 2145 1858 1936 2560 2074 2002 2248 2097 1892 2164 1955 2449 2593 2076 2324 2143 2335 2204 2181 2409 1983 2305 2358 1849 2439 2273 2253 2511 2283 2465 2139 2717 2393 2573 2224 2190 2032 2200 1916 2058 2089 2337 2125 2048 2203 2085 2170 2271 2318 1899 2224 2093 1915 2178 2432 2224 2052 2306 2298 2488 1892 2058 2155 2242 2240 2316 2341 2304 1993 2376 2381 2188 2286 2326 2176 2171 2262 2614 2282 2287
2217 2247 2000 1950 2464 1841 2055 2092 2118 1958 1968 2015 2060 2195 1916 2140 2252 1868 2118 2311 2044 1778 1713 2283 2049 1917 2078 1934 1756 1880 1831 2314 2292 2061 2094 2120 2202 2055 2106 2127 1696 2139 2109 1800 2252 2080 2159 2230 2177 2244 1782 2345 2182 2111 1988 1959 1862 2179 2142 2112 1808 2179 1988 2056 2074 2090 1979 2022 2264 1820 2130 1924 1692 1976 2300 2096 1965 2228 2024 2318 1932 1918 2067 1935 2049 1974 2207 2195 1728 2057 2433 1990 2257 2197 2026 1984 2048 2302 1976 2099
2163 2042 1952 1845 2391 1758 1938 1959 1970 2224 1953 2042 1861 2027 1787 2103 2025 1772 1982 1980 1890 1722 1728 2157 1901 1930 2004 2000 1787 1904 1769 2211 2154 1856 2169 1968 2175 2067 1811 1940 1769 2031 1896 1793 2119 2013 2120 2296 2007 2088 1610 2216 2028 2013 1861 1844 1657 2091 1904 2069 1748 1827 1963 1877 2062 1772 1996 2000 2187 1606 1912 2059 1647 2036 2192 1957 1904 2160 1891 2275 1891 1744 1993 1992 2039 2006 2025 2117 1618 1995 2190 1883 2140 1955 1917 1864 1922 2148 1855 2058
2492 2564 2315 2335 2744 2203 2464 2442 2247 2357 2524 2429 2320 2407 2219 2623 2424 2340 2340 2456 2378 2017 2316 2445 2209 2380 2460 2239 2279 2221 2080 2631 2620 2302 2472 2524 2553 2231 2183 2390 2295 2505 2617 2068 2571 2437 2539 2695 2432 2467 2123 2732 2491 2610 2279 2203 2326 2415 2308 2330 2093 2565 2025 2261 2361 2303 2421 2243 2447 1846 2410 2235 2030 2387 2794 2312 2233 2496 2432 2813 2052 2098 2514 2324 2320 2553 2420 2448 2079 2363 2393 2165 2543 2272 2370 2311 2264 2604 2326 2433
2166 2167 2143 2172 2528 1711 2311 2315 1940 1906 2194 2074 2040 2162 1898 2300 2222 1970 2101 2186 1928 1737 1930 2303 2123 1888 2209 1845 1857 1952 1776 2421 2363 2062 2157 2219 2117 2067 1985 2101 1785 2120 2203 1794 2333 2180 2146 2159 2194 2253 2005 2420 2172 2144 1959 1915 2016 2137 2041 2020 1799 2124 1856 2047 2012 2064 2148 1989 2146 1704 2105 2219 1751 2096 2492 2121 1806 2194 2056 2389 1804 1917 2240 2011 2171 2124 2066 2205 2073 2163 2252 2038 2269 2066 2167 2170 2136 2426 2100 2174
2190 2249 1938 2049 2395 1946 2146 2177 1999 2150 2134 2139 2044 2238 1954 2218 2122 1927 2064 2194 1996 1717 1879 2234 2152 1996 2069 1876 1733 1883 1828 2327 2363 2028 2153 1994 2230 2110 1984 2174 1773 2179 2157 1865 2285 1946 2219 2232 2008 2338 1854 2478 2182 2168 1952 2013 1865 2175 1884 2171 1897 2048 1891 1926 2000 1957 1999 2055 2084 1811 2255 2019 1905 2150 2262 1995 1978 2163 2078 2488 1738 1852 2175 2183 2124 2018 2108 2120 1767 2036 2286 2043 2284 1995 2168 2114 2017 2456 2053 2167
2111 2169 2123 2069 2354 1928 2300 2208 2336 2055 2035 2026 2263 2228 1897 2253 2203 1880 2036 2089 2033 1700 1795 2201 2199 1880 2063 2004 1809 2084 1984 2361 2290 2067 2163 2071 2104 2155 1903 2194 1899 2209 2294 1733 2198 2151 2225 2340 2175 2310 2079 2503 2140 2441 1983 1934 2039 1979 1915 1976 1917 2098 2033 1879 2197 2052 2142 2076 2086 1748 2071 2032 1763 2034 2367 1987 2043 2173 2166 2514 1874 1958 2136 2030 2105 2071 2186 2047 1873 2074 2257 1997 2230 2179 2144 2103 2153 2356 2203 2244
1923 2053 1823 2012 2358 1754 2068 2026 1959 1880 1987 1860 2075 2211 1721 2010 2214 1831 1813 2047 1878 1647 1764 2096 1868 1776 2030 1973 1785 1797 1656 2107 2227 1776 2061 1910 2034 1892 1859 1959 1690 2060 2110 1691 2081 1987 2193 2055 1975 1890 1583 2186 2031 2100 1824 1905 1857 1944 1754 2045 1797 1887 1605 1706 1983 1730 1833 1869 1958 1638 2122 2019 1551 1685 2131 1829 1951 1962 1974 2402 1752 1905 1929 1833 2011 1848 2024 2090 1715 1844 2173 2003 1933 1809 1924 1899 1960 2001 1867 1989
1905 1872 1633 1860 2030 1616 1847 1960 1755 1788 1829 1765 1862 1807 1503 1987 1903 1871 1935 1700 1888 1568 1766 2074 1801 1834 1854 1680 1659 1615 1660 2168 2012 1811 1902 1744 2006 1822 1687 1813 1690 1848 1930 1632 2082 1814 1917 1947 1868 2153 1680 2138 1872 1994 1709 1771 1634 1863 1704 1614 1740 1976 1625 1755 1857 1668 1848 1840 1940 1463 1918 1694 1576 1881 2002 1656 1895 1897 1826 2030 1505 1662 1859 1863 1785 1827 1971 1784 1534 1837 2034 1740 1935 1823 1921 1776 1886 2234 1769 1909
2118 2218 2030 2167 2484 1933 2254 2246 1935 2022 2225 1967 1978 2235 1820 2229 2324 1890 1988 2045 2024 1620 2029 2093 1923 1787 2108 2000 1727 1883 1845 2292 2399 1930 2217 2052 2084 2012 1873 2020 1908 2091 2206 1931 2214 2077 2114 2202 2083 2281 1697 2413 2109 2107 1716 1983 1901 1904 1893 2233 1897 2025 1812 1730 2043 1826 1962 1991 2137 1606 2057 2155 1761 1957 2243 1960 1760 2270 2119 2371 1756 2170 2218 1989 2067 2053 2175 2124 1808 1924 2243 2049 1945 2032 1979 2089 2130 2242 2073 2049
2062 2174 1850 2061 2249 1894 2131 1887 1788 1927 2042 2126 2021 2012 1857 1956 2254 1888 1870 2119 1959 1567 1874 2150 1708 1896 2107 1725 1672 1752 1705 2092 2333 1864 1997 1978 2117 1864 2049 2210 1815 2004 2115 1680 2157 2097 2037 2156 1924 1925 1758 2431 2015 2206 1900 1818 1941 2001 1752 2077 1563 2190 1879 1876 1866 1850 1987 1964 1913 1653 2052 2044 1694 1943 2209 1829 1841 2162 1938 2380 1891 1904 1950 1926 2048 1873 1985 2090 1687 2062 2176 1863 1997 1996 1979 2053 2004 2175 1904 2186
2031 2107 2047 2168 2310 2003 2256 2164 1941 1986 2113 2067 2123 2117 1863 2127 2104 2071 1879 2205 2004 1690 1893 2236 1879 1905 1986 1993 1849 1901 1814 2154 2357 2061 2172 2066 2227 2035 1855 2175 1771 1980 2255 1667 2170 1960 2123 2316 2091 2146 1849 2366 2036 2347 1995 1933 1974 2091 1807 2012 1910 2139 1789 1772 1983 1906 1897 1961 1951 1621 1999 2057 1666 1926 2232 2012 2060 2110 2099 2332 1969 1892 2138 1938 2050 2057 2170 2112 1771 1971 2257 1975 2120 2035 1984 2211 1973 2229 1817 2118
2111 2084 2021 2055 2355 1776 2162 2073 1841 1943 2071 2010 1935 2279 1824 2124 2125 1892 1958 2027 1965 1575 1756 2264 2004 1727 2064 1872 1629 1971 1857 2354 2304 1908 2011 1956 2110 1993 1972 2119 1820 2020 2088 1643 2177 2048 1926 2178 2102 2124 1842 2275 2165 2145 1794 2002 1849 1928 1952 1935 1700 2044 1884 1613 1886 1973 1885 1819 2038 1743 2044 2056 1760 1877 2214 1924 1949 2088 1983 2273 1832 1908 2019 1968 2035 2017 1988 2101 1873 1924 2138 2019 2064 1934 1886 2059 1852 2184 2061 2059
1847 1945 1637 1853 2276 1629 1963 1781 1701 1744 1684 1805 1794 1826 1623 1944 1976 1688 1774 1825 1677 1518 1678 1958 1752 1617 1663 1779 1589 1690 1659 1945 1922 1704 1860 1853 1992 1851 1832 1976 1663 1800 1947 1471 1993 1885 1857 1950 1725 1929 1588 2095 2016 1969 1792 1668 1662 1900 1770 1854 1639 1978 1742 1719 1821 1731 1800 1793 1893 1547 2027 1729 1576 1837 1866 1712 1800 1974 1982 2172 1399 1609 1883 1856 1813 1745 1872 1813 1510 1876 2080 1555 1986 1862 1734 1720 1825 2090 1908 1844
1828 1956 1836 2045 2153 1588 2041 2056 1798 1840 1867 2029 1946 1948 1744 1956 2171 1818 1900 1987 1910 1506 1872 2063 1856 1791 1900 1722 1706 1919 1575 1977 2172 1795 2128 1905 2017 1858 1845 2019 1878 1913 2025 1769 2065 1927 2090 2074 2001 1982 1656 2248 1950 2039 1839 1794 1632 1917 1797 1849 1660 1802 1853 1900 1769 1780 1834 1833 1802 1454 2000 1999 1618 1839 1917 1958 1846 2104 2018 2230 1855 1841 2001 1793 1849 1993 1927 1968 1918 1984 1994 1876 1896 1969 1950 1988 1874 2095 1817 2018
2132 2218 2166 2084 2297 2021 2305 2228 2045 2194 2066 2243 2011 2365 1965 2296 2220 2144 2062 2216 2007 1635 1987 2322 2148 1903 2104 2106 1943 1884 1871 2200 2429 2076 2259 2309 2334 2165 1849 2192 1959 2297 2290 1789 2404 2036 2214 2423 2226 2263 1918 2472 2134 2241 2005 2028 1971 2226 1935 2118 1982 2159 2008 2029 1930 1860 2045 2033 2113 1680 2109 2119 1783 2285 2382 2123 1858 2281 2210 2237 1887 1935 2273 2142 2231 2146 2232 2194 1936 2247 2242 2048 2211 2267 2170 2177 1986 2355 2042 2346
2218 2001 1779 1947 2318 1898 1957 1975 1790 1982 1968 1908 1840 2158 1755 2044 1991 1768 1890 1990 1912 1667 1747 2123 1767 1881 1838 1777 1567 1772 1671 2140 2177 1787 2055 1959 2011 1776 1884 1939 1754 1833 1923 1668 2101 2076 2030 2031 2061 2164 1540 2302 2066 2082 1792 1918 1713 1891 1915 1832 1661 1963 1765 1640 1832 1762 1870 1909 1954 1607 1940 2042 1677 2000 2092 1958 2011 2097 2001 2181 1747 1715 2057 2002 1874 1944 2019 2019 1649 1923 1970 1910 2108 1803 1753 1840 1874 2338 1917 2007
2097 2175 1933 1971 2108 1645 2131 2045 1831 1855 1953 1921 2107 2109 1763 1980 2147 1799 1990 2044 1793 1580 1767 2278 1861 1812 1906 1848 1692 1653 1723 2232 2171 1920 1890 2034 2070 1737 2019 1948 1844 2136 2109 1566 2069 1856 1954 2132 2027 2126 1777 2212 1974 1926 1781 1881 1806 1868 1909 1851 1646 2042 1732 1949 1796 1961 1994 1750 1981 1744 2165 2038 1671 1985 2217 1970 1812 1976 1875 2278 1592 1852 2107 1898 1928 1929 1785 1928 1726 2031 2112 1852 2113 1850 1909 2049 1837 2304 1997 2159
2037 2202 1890 2107 2436 1863 2151 2296 2176 2070 1988 2185 2082 2167 1700 2152 2428 1960 1940 2307 2088 1789 1770 2352 1981 2003 2169 1972 1866 1964 1856 2330 2317 1999 2241 2020 2245 2040 2204 2150 1991 2193 2109 1879 2306 2071 2434 2374 1996 2315 1760 2597 2140 2155 1941 2059 1778 2096 1949 2061 1801 2039 1973 1971 2226 2032 2012 2231 2131 1796 2160 2111 1753 2132 2365 2117 1965 2350 1987 2446 1890 1961 2013 2143 2158 2173 2152 2176 1710 2101 2410 2058 2233 2156 2015 2060 2107 2413 2058 2183
2334 2185 2153 2229 2552 1920 2425 2262 2170 2075 2158 2218 2296 2283 2077 2399 2455 1968 2057 2363 2085 1772 1941 2435 2252 1929 2046 2051 1891 2072 1907 2402 2395 1989 2325 2232 2436 2229 2237 2326 1995 2171 2363 1834 2467 2058 2216 2389 2224 2230 1778 2581 2242 2406 2072 2186 1938 2218 1992 2254 1846 2338 2044 2007 2134 2198 2108 2075 1950 1791 2339 2187 1832 2162 2330 2170 2083 2386 2155 2532 2064 2081 2329 2178 2185 2396 2300 2323 2089 2144 2407 2112 2243 2325 2050 2235 2146 2561 2187 2222
2079 2301 1862 2136 2469 1848 2249 2223 1907 2076 2060 2154 1957 2076 1835 2342 2382 2023 2033 2209 2202 1911 2085 2087 2013 2022 2075 2055 1705 1918 1873 2419 2487 2077 2380 2171 2284 2135 1935 2233 2059 2102 2159 1863 2371 2168 2289 2350 2009 2218 1908 2383 2113 2172 1939 2168 1946 2178 1943 2142 1918 2138 1917 1970 2234 2049 2197 1979 2126 1756 1996 2131 1861 2144 2298 1945 2035 2395 2016 2463 1837 1900 2169 2172 2133 2111 2070 2187 1873 2218 2277 2005 2145 2133 2211 2110 2187 2303 2009 2121
1957 2093 1868 1963 2038 1711 2029 2011 1760 1788 1748 1794 1818 2096 1761 2044 2270 1705 1869 1994 1892 1494 1608 2132 1811 1644 1890 1773 1686 1620 1594 2099 2156 1844 1884 1928 2007 1810 1830 1921 1669 2068 1991 1578 2106 1919 1869 2124 2022 2078 1563 2174 2018 2032 1787 1774 1652 1758 1944 1779 1682 2019 1742 1745 1939 1914 1822 1907 1920 1578 1986 2055 1618 1700 2020 1976 1840 1956 1673 2125 1781 1899 1941 1677 1928 1885 1803 2077 1672 1925 2130 1771 1947 1896 1843 1699 1834 2232 1686 2018
1843 2066 1875 1923 2261 1871 2119 2090 2040 2004 2026 1993 2055 1935 1604 1976 2096 1933 1943 2025 1815 1565 1808 2083 1714 1795 2083 1970 1766 1806 1784 2251 2244 1848 2129 2017 2136 1838 1823 1912 1865 2056 2019 1758 2140 2018 2245 2157 2065 2139 1860 2328 1960 2384 1806 1898 1864 2048 1786 1977 1796 2007 1708 1855 2152 1783 2085 1968 2073 1577 1989 1879 1649 1960 2227 1868 1837 2147 1980 2219 1594 1834 1969 2029 1995 1978 2092 2087 1640 2045 2206 1754 1966 1941 2123 2007 1891 2194 1924 2058
1945 1924 1765 1883 2266 1644 1989 1946 1667 1784 1941 1913 1766 1867 1668 1995 2030 1658 1809 2077 1837 1567 1905 1941 1824 1706 1885 1598 1667 1540 1633 2166 2122 1614 2011 1911 1933 1851 1945 1792 1627 1867 1905 1643 1934 1823 1878 1879 1881 1963 1523 2107 1904 1994 1775 1748 1576 1927 1727 1970 1502 1872 1620 1756 1882 1773 1708 1683 1812 1322 2007 1929 1648 1799 1941 1783 1813 1959 1798 2200 1594 1789 1951 1774 1810 1847 1817 1968 1697 1851 2074 1850 1880 1787 1855 1817 1907 2063 1824 1950
2117 2023 2020 1886 2333 1718 2139 2070 1716 1932 2034 2029 1886 1999 1714 2128 2055 1929 1894 1928 1851 1496 1981 2221 1939 1760 1959 1897 1828 1879 1937 2158 2158 1871 2186 1972 2018 1926 1893 1941 1792 1930 2250 1683 2120 2044 2228 2025 1917 2035 1711 2379 2128 2131 1833 1839 1906 1937 1907 1960 1845 2037 1705 1762 1699 1843 2077 1822 1965 1481 2011 2033 1759 1919 2299 1953 1768 2012 1986 2165 1615 1849 2115 2004 1937 2052 2006 1880 1778 2052 1862 1847 2076 1969 1861 2091 1986 2162 1967 1972
1829 1937 1687 1909 2103 1749 1978 1959 1759 1782 1841 1899 1753 1772 1531 1985 1968 1706 1943 1902 1747 1476 1639 2161 1721 1696 1912 1796 1636 1759 1548 1915 2071 1684 1922 1855 1894 1740 1780 1822 1601 1843 1925 1490 1949 1868 1901 2084 1823 1956 1570 2213 1874 2034 1734 1805 1658 1912 1767 1839 1561 1835 1751 1678 1966 1805 1865 1772 1950 1441 2010 1780 1405 1713 1929 1756 1743 2001 1821 2044 1550 1699 1873 1611 1873 1926 1934 1827 1462 2041 2043 1842 1820 1810 1789 1754 1714 2036 1728 1967
2347 2431 2096 2159 2354 1949 2241 2172 2064 2235 2205 2239 2223 2392 2042 2272 2406 2007 2102 2063 2111 1693 1899 2408 2023 2004 2163 2070 1786 1793 1873 2408 2414 1966 2218 2175 2101 1980 2065 2149 2017 2202 2305 1907 2333 2348 2295 2343 2182 2291 1867 2495 2137 2351 2087 2040 2140 1993 1979 2035 1996 2223 2098 2001 2163 2053 2166 2222 2205 1882 2041 2355 2031 2118 2373 2210 2190 2172 2113 2378 1914 2192 2109 2178 2185 2129 2096 2285 1936 2131 2273 2111 2189 2178 2234 1962 2223 2557 1932 2553
1991 2063 1831 1840 2118 1686 2105 1993 1850 1940 1735 1873 1905 2022 1544 2121 2031 1679 1898 2070 1848 1568 1808 2022 1722 1803 1772 1920 1684 1888 1572 2009 2130 1856 1996 2105 1884 1834 1796 2000 1692 1955 2087 1551 2045 1880 2145 1973 2033 1920 1523 2298 2009 2012 1779 1772 1790 1788 1975 1827 1731 1991 1600 1668 1845 1806 1953 1768 2021 1496 2037 1899 1521 1844 2053 1732 1744 2136 1901 2241 1584 1762 1965 1781 1927 1967 1917 1908 1586 1943 1871 1777 2056 1839 1801 1725 1835 2208 1870 2001
2261 2264 2007 2230 2442 2004 2176 2328 2111 1995 2230 2051 2091 2262 1835 2287 2366 1933 2053 2281 2140 1854 1891 2322 2055 1977 2186 1948 1821 1848 1929 2413 2451 2058 2058 2101 2285 2039 2029 2146 1822 2190 2220 1953 2290 2135 2296 2351 2222 2327 1913 2380 2229 2209 1944 1984 1913 2126 1981 2099 1962 2059 1976 2009 2179 2033 1979 2226 2200 1693 2191 2195 1810 2077 2349 2132 1893 2220 2029 2394 1955 2062 2221 2076 2071 2156 2312 2324 1722 2158 2295 2039 2276 2245 2119 2069 2156 2466 2088 2208
2295 2319 2255 2104 2398 2099 2379 2328 2023 2179 2276 2276 2084 2219 1900 2516 2263 2109 2169 2138 2118 1696 1990 2387 2210 1938 2093 2043 1700 2015 1856 2531 2502 2189 2167 2299 2241 2165 2008 2313 1857 2175 2425 1837 2412 2229 2294 2324 2223 2474 2023 2519 2146 2299 1994 2063 2145 2081 2133 2132 1946 2116 2092 1980 2033 2128 2380 2102 2147 1783 2138 2151 1818 2156 2541 2146 1969 2217 2156 2462 1897 2035 2334 2158 2239 2306 2215 2193 2069 2248 2202 2217 2261 2281 2308 2116 2224 2471 2325 2141
2112 2302 2078 2248 2547 2027 2344 2248 2056 2256 2225 2230 2171 2411 1803 2339 2430 2121 2118 2099 2141 1726 2072 2379 2138 1897 2298 2100 1956 2173 1895 2414 2388 2025 2337 2211 2301 2081 2141 2104 2063 2296 2456 1909 2319 2289 2245 2323 2285 2360 1831 2549 2139 2423 2044 2085 1853 2256 2096 2130 2086 2058 2030 1963 2037 1983 1992 2216 2254 1688 2215 2208 1781 2228 2364 2204 1975 2460 2378 2529 1895 2143 2196 2128 2301 2238 2213 2228 1824 2213 2288 2178 2209 2145 2083 2161 2345 2562 2053 2505
2304 2356 2113 2160 2662 2074 2422 2369 2162 2209 2421 2233 2290 2317 2047 2306 2465 2000 2176 2482 2003 1864 2131 2444 2074 2089 2164 2067 1927 2070 2056 2590 2278 2115 2378 2245 2335 2110 2128 2314 2159 2179 2252 1867 2526 2211 2320 2372 2208 2297 1831 2553 2393 2467 1965 2231 2008 2161 2204 2262 1864 2262 2066 2018 2065 2019 2185 2094 2168 1765 2390 2110 2032 2156 2403 2198 2112 2220 2306 2595 1834 2041 2212 2175 2198 2293 2282 2224 2017 2212 2450 2039 2281 2266 2020 2264 2295 2595 2267 2142
1893 2086 1725 1925 2191 1801 2107 1983 1778 1772 1983 2005 2034 2122 1660 2033 2264 1805 1852 1974 1897 1620 1912 2008 1915 1772 1961 1852 1725 1839 1721 2077 2069 1813 2054 1909 2074 1915 1827 1987 1778 2035 2156 1588 2219 2025 1923 2074 1982 1952 1757 2281 1959 2043 1882 1756 1882 1964 1838 2080 1827 1914 1712 1732 1891 1737 1670 1785 1914 1596 2066 1869 1574 1828 2036 1783 1656 2038 1945 2281 1692 1822 1839 1756 1988 1922 1879 1884 1653 2024 2050 1842 2010 1934 1965 1875 1858 2083 1959 1992
2118 2326 2109 1937 2206 1803 2247 2065 1862 1981 1982 1969 2020 2138 1825 2222 2394 1821 1937 2035 1820 1521 1986 2141 1852 1744 1820 1873 1817 1623 1925 2222 2129 1911 2161 2099 2078 2076 1961 2117 1927 1982 2066 1607 2309 2125 2008 2166 2027 2141 1730 2294 2053 2037 1812 1940 1776 1956 1958 1968 1871 2059 1932 2002 1910 1851 2083 1919 1981 1630 2073 2034 1769 1958 2184 1878 1976 2130 1991 2353 1673 1844 2010 1795 1958 2107 1985 1952 1975 2128 2215 1971 1976 2144 1966 1914 2093 2227 2161 2138
2274 2329 2115 2191 2524 1957 2430 2360 1986 2187 2334 2344 2263 2222 2016 2343 2489 2201 2079 2204 2189 1762 2200 2336 2215 2140 2069 1947 1850 2073 2042 2432 2473 2160 2311 2255 2394 2228 2051 2468 2180 2251 2385 1897 2402 2152 2205 2451 2173 2322 1917 2645 2257 2330 2069 2046 2160 2259 1992 2155 1927 2163 2028 2090 2093 2075 2215 2138 2115 1783 2400 2249 1889 2105 2323 2092 2046 2423 2238 2720 1934 2111 2311 2145 2264 2356 2189 2032 2063 2246 2319 2122 2247 2249 2215 2206 2248 2476 2213 2328
